nbJobs =10;
nbStages =5;
nbMach =[0,2,3,3,2,2];
nbWork =[0,2,2,2,2,2];
B=10000;
OpDurations = [
[53,63,41,48,51,8,9,9,32,40,2,2],
[33,38,94,104,132,80,81,84,74,98,56,58],
[46,46,33,39,43,3,3,3,26,27,13,16],
[6,6,2,2,2,14,14,19,16,21,15,18],
[76,91,47,48,63,37,47,54,23,23,7,12],
[11,14,10,11,13,4,4,6,27,32,84,102],
[5,6,25,25,34,7,7,8,16,19,71,87],
[54,60,45,50,55,88,100,104,8,11,68,83],
[35,57,28,32,34,51,65,67,63,68,49,50],
[21,32,79,106,124,17,21,24,33,39,15,19]
];
OpDue = [303,740,257,117,429,302,275,579,507,406];
