nbJobs =50;
nbStages =2;
nbMach =[0,2,2];
nbWork =[0,2,2];
B=10000;
OpDurations = [
[38,41,62,74],
[48,53,92,96],
[93,106,38,52],
[69,87,73,77],
[64,67,73,102],
[51,82,16,17],
[9,12,80,89],
[26,27,102,106],
[43,43,31,31],
[16,19,2,2],
[57,72,43,52],
[42,54,35,37],
[4,6,43,54],
[7,7,21,24],
[38,46,63,75],
[35,42,45,52],
[35,43,10,11],
[51,88,38,41],
[54,73,12,18],
[62,101,82,83],
[26,29,58,67],
[41,45,59,62],
[13,21,18,20],
[22,31,65,67],
[15,23,20,22],
[46,51,35,39],
[47,55,59,84],
[8,9,36,44],
[52,55,40,57],
[23,25,17,19],
[82,86,13,16],
[6,7,15,28],
[61,97,13,16],
[78,101,47,48],
[59,86,82,105],
[69,87,47,47],
[20,25,84,91],
[85,93,7,8],
[65,69,78,90],
[41,47,27,30],
[13,19,34,51],
[5,6,45,49],
[3,3,12,13],
[20,24,21,32],
[10,11,82,105],
[53,71,24,25],
[32,44,71,73],
[75,85,46,68],
[74,92,51,96],
[76,76,78,86]
];
OpDue = [645,867,867,918,918,498,570,783,444,117,672,504,321,177,666,522,297,654,471,984,540,621,216,555,240,513,735,291,612,252,591,168,561,822,996,750,660,579,906,435,351,315,93,291,624,519,660,822,939,948];
