nbJobs =10;
nbStages =5;
nbMach =[0,2,3,2,2,2];
nbWork =[0,2,2,2,2,2];
B=10000;
OpDurations = [
[42,47,70,88,89,40,44,62,66,48,70],
[82,93,36,46,52,64,68,17,19,19,19],
[72,74,33,34,44,34,38,43,44,12,18],
[11,14,85,89,106,63,69,44,51,57,83],
[53,99,75,84,87,16,19,81,106,50,79],
[19,23,64,87,89,61,64,11,15,20,24],
[27,34,24,24,25,72,76,34,43,34,39],
[8,9,39,67,68,2,2,2,2,41,46],
[56,68,16,17,17,24,27,25,26,64,86],
[92,111,1,1,1,61,66,49,67,30,31]
];
OpDue = [584,470,409,579,667,397,408,228,409,509];
