nbJobs =20;
nbStages =8;
nbMach =[0,2,3,3,3,2,2,3,3];
nbWork =[0,2,2,2,2,2,2,2,2];
B=10000;
OpDurations = [
[49,49,24,24,27,52,56,59,27,30,34,7,9,75,78,1,1,1,22,25,35],
[85,87,58,67,88,64,74,87,42,47,61,39,39,109,113,57,71,81,31,37,41],
[38,44,30,30,39,29,31,33,25,26,35,23,28,3,3,67,93,95,49,65,74],
[31,32,9,10,11,65,66,70,45,47,60,4,5,43,58,54,65,66,88,91,108],
[6,7,3,5,5,76,78,90,3,3,3,7,10,79,93,38,46,60,80,89,94],
[46,54,50,55,61,90,96,110,68,69,78,36,42,52,72,54,58,62,61,70,74],
[95,106,35,42,43,26,28,29,3,3,6,98,107,23,26,2,2,2,58,58,73],
[60,90,11,12,15,18,21,30,38,40,43,62,83,52,55,12,13,14,44,49,57],
[82,93,35,36,42,33,36,37,67,81,88,70,74,74,80,15,16,16,8,8,9],
[68,75,25,27,28,68,74,79,18,22,25,66,109,66,80,83,85,94,57,64,69],
[16,16,45,48,57,22,26,29,48,70,73,62,88,42,49,48,59,78,5,7,8],
[44,49,87,104,116,45,57,61,47,52,70,8,11,56,72,7,7,8,56,64,71],
[16,21,24,25,33,29,36,38,68,92,104,24,26,45,54,62,68,69,28,30,32],
[9,12,24,27,32,43,50,55,26,28,31,39,40,29,34,14,16,16,57,64,87],
[2,2,71,72,82,36,38,42,41,41,50,77,104,40,54,68,85,86,34,37,40],
[72,105,61,61,66,5,5,5,1,1,1,87,88,66,85,6,7,8,33,35,35],
[63,64,45,48,55,68,79,85,10,11,12,56,62,61,84,48,51,69,67,67,75],
[51,65,85,99,103,48,54,56,78,81,92,40,45,35,47,52,60,81,7,7,7],
[11,19,32,35,38,73,73,89,4,5,6,26,29,4,4,47,51,54,7,7,8],
[6,7,19,19,22,9,13,13,53,68,78,95,103,25,26,28,38,41,89,93,94]
];
OpDue = [546,1076,620,743,651,1006,728,680,824,1009,688,808,678,543,828,723,917,890,446,713];
