nbJobs =20;
nbStages =5;
nbMach =[0,2,3,3,3,2];
nbWork =[0,2,2,2,2,2];
B=10000;
OpDurations = [
[28,31,23,32,45,18,20,24,94,99,108,17,18],
[21,27,29,32,41,6,6,6,41,42,43,77,82],
[58,77,10,11,11,58,58,64,69,81,101,30,40],
[70,90,74,76,99,73,76,81,57,74,76,74,78],
[103,113,103,120,120,40,43,47,26,29,33,52,65],
[48,51,30,32,37,3,3,3,13,15,20,19,21],
[67,93,35,42,45,43,55,59,41,44,59,31,34],
[82,106,37,37,54,23,38,41,52,61,67,21,26],
[2,2,48,62,69,20,23,28,86,89,96,70,88],
[54,61,30,31,33,31,31,33,34,38,40,48,60],
[38,41,72,72,101,7,8,8,82,94,123,30,34],
[39,48,83,83,97,20,26,29,73,85,104,49,50],
[25,30,51,54,55,69,87,102,18,21,29,78,93],
[75,104,55,66,71,74,77,112,23,25,26,87,102],
[51,56,76,81,110,31,31,35,23,31,34,48,51],
[7,10,39,42,46,76,94,102,58,71,74,49,51],
[44,46,7,8,8,62,66,86,5,7,8,43,47],
[50,86,9,10,13,9,10,10,76,86,105,70,114],
[42,51,67,84,90,33,38,43,72,78,92,77,96],
[45,50,29,36,39,23,23,25,56,63,70,2,2]
];
OpDue = [604,557,771,1154,1060,365,761,763,764,636,782,879,825,1081,761,778,527,808,996,513];
