nbJobs =10;
nbStages =8;
nbMach =[0,3,3,3,3,2,3,2,3];
nbWork =[0,2,2,2,2,2,2,2,2];
B=10000;
OpDurations = [
[46,47,59,72,90,91,6,7,8,65,66,78,7,12,3,3,3,46,60,58,73,82],
[44,52,57,2,2,2,2,2,2,2,2,2,90,91,1,1,1,65,84,26,26,32],
[70,70,100,72,77,100,32,40,47,13,16,17,40,48,55,64,67,80,89,76,98,103],
[44,52,54,40,48,52,43,44,47,35,36,41,39,56,62,88,105,8,9,24,24,27],
[99,101,106,7,8,8,23,24,31,46,47,60,61,63,30,38,38,32,33,59,111,115],
[8,9,11,66,87,91,81,82,84,39,42,44,66,74,67,68,70,38,53,58,59,74],
[39,44,46,16,18,21,68,86,87,68,85,89,22,26,53,56,61,23,31,3,3,3],
[25,27,29,63,72,87,53,54,58,29,29,34,47,54,52,54,65,26,28,23,28,30],
[67,93,95,9,12,14,32,33,36,87,93,94,64,84,58,63,65,73,100,37,42,46],
[53,53,93,51,54,71,89,94,95,4,4,5,72,82,42,43,49,6,6,95,98,99]
];
OpDue = [348,251,501,345,412,462,333,348,486,447];
