nbJobs =50;
nbStages =2;
nbMach =[0,2,3];
nbWork =[0,2,2];
B=10000;
OpDurations = [
[60,78,67,68,86],
[59,66,22,25,26],
[89,93,43,47,47],
[61,89,68,75,81],
[85,93,30,30,30],
[26,28,43,48,58],
[25,26,21,24,29],
[98,114,31,39,39],
[26,31,56,59,65],
[43,52,50,76,76],
[31,36,78,78,89],
[5,6,77,77,85],
[79,111,47,58,70],
[75,82,18,19,21],
[92,114,1,1,1],
[26,29,38,51,59],
[64,80,38,40,47],
[3,3,48,51,52],
[48,55,68,83,85],
[3,3,6,7,9],
[8,8,31,34,37],
[45,51,35,36,37],
[13,14,27,28,32],
[92,94,56,67,72],
[2,2,101,102,103],
[61,70,28,31,33],
[49,54,48,53,59],
[19,20,22,28,29],
[82,93,63,68,72],
[90,93,75,100,104],
[58,59,47,54,54],
[16,16,21,22,34],
[52,55,52,58,66],
[47,48,65,90,93],
[69,99,24,25,28],
[30,33,66,83,89],
[49,65,1,1,1],
[26,38,38,44,50],
[81,86,12,13,15],
[60,74,38,39,48],
[70,104,25,25,25],
[73,85,74,82,91],
[31,33,76,82,100],
[51,59,7,8,8],
[20,20,46,47,47],
[43,49,70,83,85],
[28,31,68,81,84],
[20,23,71,75,80],
[40,53,26,27,32],
[68,72,72,87,88]
];
OpDue = [856,521,820,898,714,460,301,854,531,689,691,511,920,587,624,461,682,320,781,62,252,504,255,948,624,577,629,275,931,1107,661,250,673,781,658,665,348,456,581,652,672,968,708,376,400,752,643,581,449,914];
