nbJobs =10;
nbStages =8;
nbMach =[0,2,3,2,3,2,2,2,3];
nbWork =[0,2,2,2,2,2,2,2,2];
B=10000;
OpDurations = [
[1,1,7,7,8,10,13,26,27,31,67,81,85,116,83,85,78,85,98],
[96,122,24,38,45,68,84,14,17,17,28,31,66,84,35,37,33,35,36],
[18,21,50,65,77,30,32,70,79,100,8,10,22,26,19,23,8,8,9],
[54,58,49,50,61,83,98,19,19,20,81,91,3,3,81,115,18,20,22],
[7,8,21,29,30,75,77,60,65,85,84,108,70,88,41,44,47,52,61],
[25,46,60,72,76,34,45,7,9,12,64,69,72,80,25,35,41,43,49],
[65,75,26,32,43,36,61,13,16,19,3,3,81,104,26,26,3,3,3],
[12,14,40,45,47,13,14,25,26,29,68,95,77,87,63,81,62,64,66],
[75,91,66,80,84,79,79,81,81,89,56,68,25,27,105,112,29,30,40],
[99,102,67,78,86,18,37,12,14,16,96,97,59,72,102,117,33,38,42]
];
OpDue = [393,412,260,426,451,370,293,397,552,528];
