nbJobs =20;
nbStages =5;
nbMach =[0,2,2,2,2,3];
nbWork =[0,2,2,2,2,2];
B=10000;
OpDurations = [
[10,13,11,15,62,86,17,22,85,97,102],
[56,87,66,81,38,52,74,97,29,36,38],
[21,21,7,7,74,75,56,68,3,4,5],
[88,88,71,76,84,103,26,32,37,49,52],
[36,48,67,73,54,69,78,86,19,32,35],
[65,74,79,88,33,33,33,37,18,20,23],
[14,14,48,66,8,13,82,87,24,29,31],
[60,62,95,100,65,71,89,90,44,46,53],
[31,33,95,115,12,12,22,24,85,92,99],
[25,36,73,83,44,50,27,28,37,42,50],
[63,78,4,5,35,40,4,4,48,63,65],
[21,23,16,20,26,33,31,36,43,46,53],
[102,111,64,88,35,38,37,38,6,9,10],
[97,103,11,19,50,51,17,20,34,38,43],
[55,85,26,31,84,97,37,38,27,34,36],
[73,74,90,104,10,11,83,93,17,19,21],
[53,63,16,22,79,95,18,20,66,74,81],
[9,9,74,79,61,74,54,78,31,33,35],
[61,74,55,58,69,87,50,75,33,40,44],
[48,55,11,14,81,94,13,13,62,64,68]
];
OpDue = [638,930,506,990,853,724,582,1091,792,678,526,451,795,667,777,864,770,756,911,688];
