nbJobs =10;
nbStages =8;
nbMach =[0,2,3,3,3,2,3,3,3];
nbWork =[0,2,2,2,2,2,2,2,2];
B=10000;
OpDurations = [
[71,86,3,3,3,40,53,54,1,1,1,44,74,75,82,104,38,48,60,16,18,22],
[29,45,15,18,27,17,20,22,90,93,102,83,96,34,34,42,23,25,26,84,88,107],
[5,5,34,42,54,23,28,29,66,81,90,50,53,15,17,22,74,84,91,8,13,14],
[39,45,39,46,56,27,32,38,40,42,45,9,11,65,69,76,76,91,93,67,74,80],
[36,56,66,75,76,82,85,85,3,3,3,14,18,8,8,8,60,67,83,4,6,8],
[52,58,48,63,70,17,20,21,3,3,3,7,10,52,74,83,33,56,66,51,59,73],
[73,76,21,25,32,76,88,101,41,54,56,24,28,8,8,8,68,106,113,3,3,3],
[42,51,67,78,85,79,99,102,4,6,6,5,6,6,7,7,11,12,15,3,4,5],
[20,31,48,52,62,52,80,81,32,34,40,3,6,35,35,39,50,51,57,32,32,33],
[39,60,61,66,67,3,5,6,32,33,36,57,69,36,37,38,38,43,45,41,47,49]
];
OpDue = [345,416,318,404,305,329,372,251,312,340];
