nbJobs =100;
nbStages =2;
nbMach =[0,3,3];
nbWork =[0,2,2];
B=10000;
OpDurations = [
[52,64,70,39,39,44],
[44,57,60,44,47,60],
[7,9,11,10,13,15],
[81,88,97,25,26,31],
[78,92,121,48,53,60],
[1,1,1,67,79,84],
[14,15,15,51,56,57],
[73,87,90,52,73,75],
[65,83,102,71,75,93],
[75,79,90,31,37,43],
[19,19,22,49,53,53],
[75,78,101,82,92,94],
[69,82,83,37,44,49],
[68,81,85,35,35,41],
[8,8,9,28,28,34],
[13,13,13,77,87,104],
[7,8,9,58,75,84],
[32,40,45,19,20,20],
[68,75,88,40,43,44],
[20,24,26,11,12,13],
[74,76,101,54,75,78],
[1,1,1,59,92,92],
[89,102,107,30,33,36],
[49,54,54,31,33,41],
[24,27,28,32,50,57],
[82,94,97,45,54,58],
[29,31,35,1,1,1],
[81,96,114,61,75,79],
[106,112,117,12,12,14],
[46,54,55,43,44,46],
[73,90,105,29,30,34],
[75,86,95,13,19,21],
[54,75,76,45,49,53],
[71,72,72,55,55,97],
[31,33,34,72,91,121],
[46,49,60,55,60,68],
[27,27,30,33,34,40],
[66,68,70,15,18,18],
[88,102,112,20,21,23],
[19,22,23,38,41,45],
[41,45,49,33,43,43],
[90,94,107,37,38,43],
[66,91,93,66,84,108],
[102,106,112,64,71,80],
[30,38,43,63,79,81],
[24,24,25,52,61,72],
[25,25,29,79,90,106],
[25,27,35,87,88,92],
[79,83,88,27,29,36],
[3,4,4,22,22,28],
[48,55,55,55,67,74],
[60,66,69,34,41,41],
[32,39,52,86,94,98],
[90,96,122,43,50,71],
[59,67,75,66,78,81],
[61,65,73,82,84,107],
[57,76,78,15,18,18],
[48,51,62,71,80,92],
[72,84,95,76,87,90],
[25,29,32,5,6,7],
[15,16,18,20,24,25],
[59,63,84,6,10,10],
[4,5,5,51,51,60],
[52,73,74,62,75,89],
[60,61,75,58,71,97],
[33,36,42,71,74,76],
[13,14,15,72,74,82],
[62,79,83,57,61,63],
[107,109,120,87,90,97],
[66,73,83,91,112,118],
[23,24,29,47,50,54],
[33,35,38,83,93,124],
[41,44,44,27,30,34],
[49,62,67,45,47,56],
[3,3,3,48,49,50],
[34,39,41,32,47,63],
[89,89,112,54,83,89],
[31,37,44,8,8,9],
[57,61,75,39,40,44],
[32,35,38,25,25,28],
[69,72,79,16,18,20],
[81,98,110,67,68,78],
[3,4,5,36,39,39],
[57,65,102,6,7,7],
[45,46,61,6,6,7],
[83,85,96,10,14,14],
[33,36,38,79,84,92],
[3,3,3,67,77,81],
[14,17,21,10,12,13],
[51,61,67,32,36,41],
[45,48,59,78,81,84],
[81,101,123,25,28,31],
[81,88,102,3,4,5],
[6,8,9,71,73,78],
[30,36,38,82,93,99],
[86,86,96,64,64,68],
[41,64,85,25,29,31],
[3,3,4,20,23,24],
[37,38,43,43,47,50],
[77,78,95,4,4,5]
];
OpDue = [924,936,195,1044,1356,699,624,1350,1467,1065,645,1566,1092,1035,345,921,723,528,1074,318,1374,738,1191,786,654,1290,294,1518,1119,864,1083,927,1056,1266,1146,1014,573,765,1098,564,762,1227,1524,1605,1002,774,1062,1062,1026,249,1062,933,1203,1416,1278,1416,786,1212,1512,312,354,696,528,1275,1266,996,810,1215,1830,1629,681,1218,660,978,468,768,1548,411,948,549,822,1506,378,732,513,906,1086,702,261,864,1185,1167,849,735,1134,1392,825,231,774,789];
