nbJobs =50;
nbStages =2;
nbMach =[0,2,2];
nbWork =[0,2,2];
B=10000;
OpDurations = [
[95,98,34,38],
[6,10,8,8],
[96,107,67,78],
[20,22,67,119],
[65,77,107,128],
[47,66,33,41],
[81,101,68,82],
[73,88,70,95],
[11,13,78,89],
[82,91,11,15],
[17,18,77,110],
[45,56,51,53],
[85,92,81,133],
[87,92,90,103],
[49,72,25,30],
[27,30,88,106],
[42,64,22,36],
[5,6,77,89],
[3,3,67,72],
[10,10,5,7],
[79,115,51,54],
[47,49,17,26],
[55,64,29,31],
[1,1,2,2],
[75,97,56,59],
[68,93,37,50],
[14,14,58,60],
[56,60,43,48],
[13,14,5,5],
[59,72,83,85],
[1,1,40,62],
[54,55,20,30],
[77,81,48,50],
[55,93,46,46],
[74,83,11,11],
[78,88,82,92],
[14,18,72,79],
[72,84,73,81],
[84,106,4,5],
[37,52,61,90],
[30,35,20,20],
[57,71,34,45],
[56,66,37,37],
[68,80,6,7],
[46,61,56,81],
[57,58,4,4],
[38,44,73,74],
[80,89,57,62],
[104,109,8,10],
[3,5,55,56]
];
OpDue = [795,96,1044,684,1131,561,996,978,573,597,666,615,1173,1116,528,753,492,531,435,96,897,417,537,18,861,744,438,621,111,897,312,477,768,720,537,1020,549,930,597,720,315,621,588,483,732,369,687,864,693,357];
