nbJobs =10;
nbStages =8;
nbMach =[0,2,3,3,3,2,3,2,3];
nbWork =[0,2,2,2,2,2,2,2,2];
B=10000;
OpDurations = [
[69,82,43,53,59,31,33,38,32,46,48,64,70,78,93,119,83,114,82,100,101],
[3,3,73,75,77,76,92,99,54,60,62,84,90,57,64,67,57,60,42,43,46],
[54,59,47,52,52,62,91,91,39,40,42,63,96,19,20,25,41,47,85,88,89],
[68,117,2,2,2,2,2,2,62,64,78,33,39,26,30,32,69,72,6,6,8],
[16,16,7,10,11,39,41,47,84,97,104,7,8,45,55,55,83,90,46,53,60],
[40,40,37,46,58,55,59,72,48,70,82,16,24,28,31,35,38,45,12,12,13],
[54,58,68,71,72,67,83,92,29,46,48,29,37,39,40,43,34,36,60,64,72],
[91,92,32,38,43,42,44,46,30,35,40,63,69,59,64,88,85,86,69,72,83],
[18,20,65,70,72,55,62,70,35,39,52,43,43,38,41,45,61,80,19,20,21],
[29,33,13,15,16,13,14,14,47,69,78,40,43,75,88,91,47,75,6,7,8]
];
OpDue = [560,478,461,307,361,321,422,505,367,318];
