nbJobs =20;
nbStages =5;
nbMach =[0,2,2,2,3,3];
nbWork =[0,2,2,2,2,2];
B=10000;
OpDurations = [
[58,61,49,52,65,77,61,63,71,59,68,78],
[42,52,52,56,32,35,50,54,71,70,72,74],
[24,27,93,98,49,59,44,49,50,4,6,6],
[31,32,18,20,2,2,5,6,6,58,72,77],
[20,20,56,82,93,114,9,11,12,23,34,41],
[33,38,43,73,13,16,84,109,112,78,91,101],
[14,16,39,48,65,65,47,48,60,57,61,64],
[13,18,83,85,7,8,69,72,85,41,55,62],
[57,65,11,13,54,56,15,17,20,23,24,29],
[5,6,21,28,21,25,23,26,28,73,77,89],
[66,77,11,13,2,2,20,30,31,59,65,71],
[3,3,25,31,35,42,68,80,91,17,21,24],
[53,88,92,99,62,68,56,65,91,61,64,74],
[38,40,30,31,81,91,11,11,14,97,100,101],
[69,80,22,32,64,84,3,4,4,11,13,13],
[39,67,11,13,4,6,12,13,15,53,60,66],
[52,67,102,110,5,7,60,70,71,27,30,42],
[74,81,49,49,8,10,51,55,70,63,68,80],
[41,59,18,18,27,39,2,2,2,32,37,38],
[5,7,66,82,57,63,89,93,126,78,90,104]
];
OpDue = [943,795,684,382,708,899,708,705,512,475,533,510,1104,801,575,429,815,794,416,1000];
