nbJobs =10;
nbStages =5;
nbMach =[0,2,2,2,2,3];
nbWork =[0,2,2,2,2,2];
B=10000;
OpDurations = [
[88,91,30,31,82,105,65,70,45,58,59],
[20,23,3,3,50,54,90,112,64,64,82],
[51,60,24,30,51,61,18,26,11,12,13],
[4,4,57,63,12,14,35,47,58,59,69],
[21,24,37,40,7,9,75,85,63,69,82],
[28,32,60,87,29,29,66,85,65,94,96],
[57,66,60,79,29,41,30,32,90,93,116],
[82,91,68,99,108,109,40,48,65,80,86],
[34,39,51,63,39,50,61,81,14,15,19],
[62,69,118,121,54,60,20,29,41,43,44]
];
OpDue = [670,495,345,360,441,586,593,799,450,618];
