nbJobs =20;
nbStages =5;
nbMach =[0,3,3,2,2,2];
nbWork =[0,2,2,2,2,2];
B=10000;
OpDurations = [
[53,65,67,12,12,14,24,25,29,33,36,44],
[78,79,85,78,82,85,72,83,33,34,25,39],
[77,83,119,7,8,9,89,92,78,94,8,9],
[60,68,69,61,64,73,27,35,56,66,61,81],
[26,29,30,37,40,46,99,101,20,21,32,38],
[22,27,30,10,13,14,33,34,90,100,61,62],
[15,15,18,65,82,86,33,64,68,84,15,16],
[51,53,58,21,23,23,47,51,78,86,60,83],
[24,27,30,35,52,61,26,30,91,99,22,44],
[101,105,113,55,83,84,60,66,69,84,36,42],
[45,53,60,2,2,2,78,83,47,56,25,29],
[58,66,68,62,67,102,2,2,73,75,9,9],
[20,22,23,31,33,41,26,27,30,40,69,75],
[32,45,50,77,79,80,11,17,10,11,53,80],
[20,20,25,54,72,79,54,55,31,34,45,49],
[85,97,99,86,100,105,33,39,59,100,48,62],
[15,17,18,42,51,55,41,55,69,96,29,29],
[12,12,15,50,57,60,46,78,77,103,30,36],
[58,84,110,24,32,36,17,19,25,29,14,16],
[49,56,77,70,79,84,7,8,35,38,41,46]
];
OpDue = [509,916,858,884,675,686,701,837,697,1077,641,678,571,636,672,1084,677,761,524,678];
