nbJobs =20;
nbStages =8;
nbMach =[0,3,2,2,3,3,3,2,3];
nbWork =[0,2,2,2,2,2,2,2,2];
B=10000;
OpDurations = [
[4,4,5,46,47,10,14,18,19,22,36,61,67,41,49,52,74,90,47,51,54],
[20,20,21,57,60,73,92,76,76,80,47,58,60,24,25,34,35,37,6,9,10],
[52,55,60,5,6,61,61,29,29,34,30,30,42,89,96,96,35,39,1,1,1],
[48,79,83,50,63,38,38,25,36,42,65,71,73,33,34,39,71,84,45,46,56],
[63,70,80,51,58,70,79,59,71,81,49,62,67,25,26,27,33,51,70,70,81],
[93,95,128,14,20,81,85,52,91,96,74,79,80,30,32,32,10,16,2,3,4],
[66,97,106,40,55,43,49,37,59,67,15,18,19,28,30,32,64,98,46,52,54],
[19,26,30,69,70,17,24,46,49,64,26,26,26,34,44,47,64,97,21,28,30],
[98,102,114,83,94,73,82,28,40,42,27,40,46,37,58,58,19,25,58,71,79],
[34,36,37,64,65,49,58,3,4,5,1,1,1,52,60,62,67,75,43,47,51],
[94,96,96,13,15,12,18,51,67,89,16,17,19,6,8,8,18,21,20,34,35],
[1,1,1,37,44,14,18,66,75,84,2,2,2,34,35,50,93,95,13,16,19],
[65,100,110,63,66,68,88,25,26,28,80,100,115,33,39,39,29,41,68,69,88],
[81,100,103,11,11,18,21,91,93,95,33,38,44,45,54,55,30,35,15,20,21],
[31,34,45,76,100,9,10,68,71,83,83,102,104,60,62,93,8,9,1,1,1],
[64,66,74,17,21,76,89,1,3,6,40,60,62,48,59,80,67,77,28,30,30],
[23,23,27,50,50,78,111,77,86,105,61,65,73,70,88,111,79,80,43,49,51],
[50,52,56,69,95,20,21,17,25,26,22,23,24,1,1,1,50,57,8,8,9],
[9,12,12,10,12,103,116,10,12,13,25,30,35,85,94,94,70,80,37,39,45],
[13,15,16,63,67,47,49,99,100,114,36,53,61,82,87,93,12,17,17,17,18]
];
OpDue = [634,731,637,861,943,820,833,685,975,669,534,568,1012,718,771,781,1083,527,759,802];
