nbJobs =20;
nbStages =8;
nbMach =[0,2,2,2,2,3,2,2,2];
nbWork =[0,2,2,2,2,2,2,2,2];
B=10000;
OpDurations = [
[84,102,20,36,39,46,20,28,57,58,59,51,54,25,36,11,15],
[102,113,81,98,7,8,17,19,6,8,8,78,98,27,31,72,93],
[1,1,49,53,37,41,35,49,64,71,75,23,28,31,38,44,58],
[69,71,62,66,57,58,72,75,27,29,32,38,54,73,75,54,89],
[98,105,56,56,63,78,78,110,7,7,9,20,26,61,66,38,54],
[38,55,64,64,22,29,62,84,52,53,63,43,55,57,68,67,73],
[31,44,87,91,103,104,38,41,27,27,42,72,83,71,102,60,66],
[51,51,19,24,96,105,50,51,12,14,14,7,7,75,87,15,16],
[5,5,94,103,74,94,4,4,6,7,8,28,40,98,104,20,23],
[60,61,85,98,62,63,79,96,3,4,4,14,20,17,21,41,59],
[38,43,82,97,12,19,63,71,61,75,88,47,50,5,6,46,58],
[6,6,45,51,24,27,27,28,49,53,66,94,101,55,64,51,57],
[113,121,46,55,83,96,13,15,4,4,6,72,72,61,72,80,96],
[14,16,45,53,26,26,42,46,22,27,31,51,57,15,24,50,54],
[2,2,41,44,75,81,29,33,13,16,16,30,34,108,111,62,63],
[82,104,3,3,81,94,34,41,26,29,36,61,62,66,71,34,46],
[52,63,33,38,3,4,17,20,93,98,110,31,38,74,90,86,105],
[16,19,55,57,75,100,46,47,15,17,17,52,59,48,54,20,20],
[73,75,96,102,56,72,41,42,62,62,64,15,21,5,6,78,99],
[4,7,61,62,59,94,3,3,16,18,20,74,79,32,35,92,104]
];
OpDue = [683,859,628,972,924,893,1057,681,710,783,786,748,1004,572,745,843,855,701,906,745];
