nbJobs =20;
nbStages =5;
nbMach =[0,2,3,3,2,2];
nbWork =[0,2,2,2,2,2];
B=10000;
OpDurations = [
[16,16,81,105,106,12,13,14,65,67,65,67],
[59,69,27,37,53,14,16,18,31,32,44,52],
[69,79,24,26,28,25,34,40,78,85,67,68],
[87,100,50,52,58,33,35,45,10,15,11,14],
[99,110,62,78,91,76,85,85,18,25,69,70],
[7,11,37,37,41,68,72,72,14,16,82,84],
[38,53,53,62,69,6,6,6,50,54,96,105],
[63,79,4,5,7,43,51,58,1,1,8,9],
[39,49,38,44,46,36,49,57,3,5,26,27],
[21,22,15,17,17,85,104,107,59,74,43,53],
[8,11,7,8,9,82,95,96,47,62,93,101],
[84,109,24,37,38,39,44,53,30,37,67,93],
[66,88,64,70,78,3,3,4,29,46,46,67],
[56,84,17,18,19,37,52,55,40,45,32,39],
[56,76,8,8,9,7,10,13,27,28,55,61],
[50,58,55,63,68,60,61,70,31,34,45,61],
[51,51,32,39,49,65,77,77,11,14,61,63],
[93,98,50,60,75,22,23,31,69,70,105,136],
[19,23,63,67,74,76,103,111,8,8,8,9],
[42,48,30,31,38,63,78,84,64,73,38,55]
];
OpDue = [775,596,846,629,1064,648,796,410,494,753,780,865,735,642,509,795,716,1118,607,804];
