nbJobs =100;
nbStages =2;
nbMach =[0,2,2];
nbWork =[0,2,2];
B=10000;
OpDurations = [
[26,31,35,40],
[32,34,57,73],
[72,86,8,8],
[12,12,19,24],
[92,106,37,40],
[63,76,19,21],
[3,3,50,56],
[26,34,24,24],
[72,87,45,52],
[86,90,41,42],
[31,40,74,98],
[92,103,2,2],
[69,89,22,27],
[47,68,73,99],
[71,73,9,10],
[34,37,93,110],
[74,79,27,29],
[70,78,32,36],
[79,97,68,73],
[50,63,9,10],
[39,55,9,12],
[88,108,75,84],
[72,93,82,87],
[30,35,80,81],
[5,7,37,44],
[94,118,34,35],
[64,65,64,74],
[84,84,96,100],
[56,60,82,119],
[58,63,66,95],
[97,99,37,46],
[59,60,26,32],
[51,57,42,58],
[47,57,23,25],
[88,94,37,39],
[17,18,41,43],
[52,59,78,108],
[43,46,27,42],
[60,62,7,8],
[29,46,84,99],
[45,54,33,36],
[39,81,74,85],
[95,98,6,7],
[28,33,34,51],
[62,65,47,50],
[36,38,51,59],
[33,54,52,53],
[29,29,75,77],
[23,27,11,12],
[40,41,39,40],
[42,43,60,61],
[38,44,30,32],
[61,90,13,16],
[53,65,50,54],
[77,90,21,30],
[19,24,70,96],
[72,76,16,16],
[79,93,79,91],
[35,45,28,40],
[43,58,78,97],
[47,52,39,46],
[30,30,15,23],
[30,39,15,24],
[48,102,52,77],
[42,43,75,85],
[49,61,32,38],
[69,77,75,108],
[72,80,17,20],
[7,8,59,62],
[32,34,82,107],
[54,57,74,84],
[39,53,62,93],
[3,3,39,45],
[53,54,7,8],
[51,87,82,89],
[65,71,56,67],
[73,83,16,18],
[62,62,33,40],
[96,99,63,115],
[35,37,62,100],
[71,111,88,105],
[15,19,45,49],
[7,7,17,18],
[77,80,2,2],
[33,39,22,24],
[5,6,30,33],
[29,31,56,63],
[103,110,10,11],
[2,2,68,71],
[58,87,34,42],
[69,88,21,24],
[22,24,60,80],
[39,60,70,70],
[27,30,93,117],
[28,31,13,17],
[22,32,37,37],
[2,2,3,7],
[47,50,91,106],
[13,16,27,29],
[10,15,20,23]
];
OpDue = [594,882,783,302,1238,806,504,486,1152,1166,1094,896,932,1292,734,1233,941,972,1427,594,518,1598,1503,1017,419,1265,1202,1638,1427,1269,1256,797,936,684,1161,536,1337,711,617,1161,756,1256,927,657,1008,828,864,945,329,720,927,648,810,999,981,941,810,1539,666,1242,828,441,486,1256,1103,810,1481,851,612,1148,1211,1112,405,549,1391,1166,855,887,1679,1053,1688,576,221,725,531,333,806,1053,644,995,909,837,1076,1202,401,576,63,1323,383,306];
