nbJobs =50;
nbStages =2;
nbMach =[0,2,3];
nbWork =[0,2,2];
B=10000;
OpDurations = [
[60,69,3,4,5],
[52,66,56,77,85],
[8,8,44,55,55],
[53,61,96,99,131],
[50,70,7,7,8],
[41,49,29,35,42],
[2,2,31,40,47],
[33,34,26,27,31],
[54,63,69,83,122],
[68,74,57,58,72],
[7,7,81,83,86],
[36,39,22,22,27],
[79,118,67,70,79],
[21,22,51,66,68],
[41,52,17,18,19],
[29,35,30,30,39],
[49,51,82,85,92],
[55,57,50,67,68],
[103,105,17,17,18],
[2,2,64,67,67],
[54,65,45,48,51],
[34,38,35,41,48],
[44,53,27,29,32],
[2,2,46,52,54],
[3,5,78,84,94],
[57,75,50,66,72],
[49,52,27,28,31],
[16,19,69,78,102],
[50,51,34,36,41],
[61,106,34,36,38],
[45,50,25,31,34],
[52,78,102,106,118],
[48,61,6,7,7],
[90,98,1,1,1],
[28,29,95,101,106],
[72,73,29,30,32],
[29,44,33,38,44],
[34,34,77,94,95],
[15,17,74,82,93],
[5,5,34,44,49],
[24,33,51,84,101],
[82,105,33,35,45],
[66,81,30,35,44],
[87,112,76,87,89],
[15,20,11,13,13],
[4,5,27,28,30],
[78,78,71,75,87],
[36,51,39,41,45],
[62,79,80,82,89],
[85,88,25,33,36]
];
OpDue = [411,790,356,994,404,482,248,369,899,800,542,367,1023,499,387,390,818,706,728,408,645,464,467,316,536,772,475,603,525,717,465,1042,367,570,775,617,449,736,594,284,643,787,659,1101,179,197,934,511,925,707];
