nbJobs =20;
nbStages =8;
nbMach =[0,3,3,3,3,2,3,2,3];
nbWork =[0,2,2,2,2,2,2,2,2];
B=10000;
OpDurations = [
[39,42,47,56,58,63,30,34,36,57,71,80,61,72,25,26,31,22,26,74,80,89],
[52,63,64,77,83,114,15,15,25,69,70,78,41,44,23,25,25,40,51,8,11,16],
[46,52,54,83,85,98,11,13,14,29,31,32,80,98,11,11,14,44,47,69,88,123],
[74,104,114,13,14,14,7,9,10,31,39,41,3,5,5,6,6,14,15,38,49,61],
[79,101,108,65,68,73,50,65,97,26,27,29,14,16,46,51,58,60,68,6,8,9],
[39,46,64,1,1,1,13,14,15,4,4,5,83,121,13,18,22,73,77,55,68,79],
[13,15,15,85,93,94,95,101,109,24,25,32,5,6,75,77,89,33,50,1,1,1],
[20,23,25,26,29,33,29,33,33,47,61,65,9,10,27,30,32,88,93,87,87,95],
[2,2,2,17,18,19,58,86,86,61,66,68,27,29,55,62,75,11,15,34,40,41],
[19,19,23,41,42,49,54,72,88,47,70,74,87,109,94,96,101,56,60,52,54,74],
[70,73,85,109,111,113,35,45,48,63,66,71,64,69,85,85,97,20,24,24,27,35],
[1,1,1,67,73,81,62,62,74,36,45,50,55,65,34,36,47,1,1,42,53,54],
[74,84,87,39,45,54,37,39,42,39,45,54,69,88,35,36,38,51,82,57,62,73],
[72,91,101,27,35,39,25,28,31,69,74,85,68,78,47,51,54,90,95,62,77,80],
[13,17,17,36,45,45,56,57,65,21,30,33,24,26,57,74,76,40,45,84,96,101],
[42,45,50,67,68,73,75,77,85,30,41,58,49,78,65,70,84,3,3,53,57,62],
[75,110,120,5,6,6,52,59,59,40,43,60,97,97,76,90,101,76,95,61,75,91],
[21,34,34,14,15,18,69,74,82,60,64,93,61,71,8,8,9,70,90,91,100,113],
[41,44,44,71,76,91,35,38,45,60,62,65,75,86,13,16,18,25,31,46,58,62],
[1,1,1,48,63,69,26,35,36,58,61,73,14,15,48,55,56,66,70,48,51,74]
];
OpDue = [806,731,845,460,802,662,724,721,610,1025,1005,668,917,1030,750,868,1118,897,807,701];
