nbJobs =10;
nbStages =5;
nbMach =[0,3,2,3,2,2];
nbWork =[0,2,2,2,2,2];
B=10000;
OpDurations = [
[42,50,54,3,3,51,63,64,11,12,68,76],
[42,54,58,39,46,82,88,88,51,51,18,18],
[12,14,15,50,58,8,15,16,39,45,45,72],
[13,17,21,8,8,21,21,31,17,18,85,90],
[57,71,77,36,70,9,11,16,40,44,28,29],
[50,52,59,64,67,14,16,20,13,14,44,47],
[1,1,1,22,25,49,57,58,90,105,52,67],
[56,75,94,44,50,54,66,75,92,104,72,102],
[6,9,11,20,32,74,78,79,78,89,42,44],
[36,37,40,33,36,50,52,62,47,68,69,75]
];
OpDue = [389,498,362,309,408,390,472,744,476,513];
