nbJobs =10;
nbStages =8;
nbMach =[0,3,2,3,3,2,3,3,2];
nbWork =[0,2,2,2,2,2,2,2,2];
B=10000;
OpDurations = [
[63,65,74,68,83,67,74,76,79,95,110,1,1,85,86,95,24,43,43,78,91],
[42,44,59,33,46,52,54,62,64,71,73,80,87,31,32,33,27,29,29,82,94],
[47,48,57,78,90,93,93,108,91,97,120,18,20,91,92,93,37,47,58,72,78],
[35,46,51,73,101,50,59,60,76,93,95,69,70,54,69,71,3,3,3,16,18],
[45,46,52,66,86,64,64,65,73,84,84,67,71,41,46,61,5,6,6,82,83],
[54,80,82,29,38,70,81,84,46,55,57,56,60,7,8,8,64,80,98,28,33],
[64,74,79,62,72,13,15,15,21,23,26,69,75,26,27,37,34,35,41,83,93],
[25,27,30,110,111,26,30,36,35,37,44,81,95,3,5,5,69,77,79,70,77],
[34,42,45,65,74,28,34,37,6,6,9,85,88,1,1,1,45,45,65,68,72],
[25,28,30,7,9,46,50,58,18,24,30,89,99,96,97,106,100,102,109,37,49]
];
OpDue = [521,445,569,430,475,413,404,448,359,451];
