nbJobs =100;
nbStages =2;
nbMach =[0,2,3];
nbWork =[0,2,2];
B=10000;
OpDurations = [
[68,87,56,64,72],
[23,23,50,52,53],
[2,2,32,35,37],
[86,119,87,111,119],
[50,73,19,21,23],
[82,90,23,24,24],
[2,2,7,7,8],
[16,22,90,93,96],
[49,52,46,54,62],
[26,26,10,10,13],
[36,45,3,4,5],
[96,98,66,76,100],
[53,62,66,68,101],
[13,16,22,26,27],
[72,74,37,39,48],
[11,12,75,77,97],
[13,16,73,94,96],
[61,73,73,79,86],
[13,16,96,98,104],
[28,34,44,49,56],
[77,93,83,92,94],
[96,100,25,36,40],
[47,50,3,3,3],
[6,7,49,50,54],
[2,2,19,19,24],
[14,17,7,8,8],
[76,99,8,11,12],
[43,50,58,59,68],
[17,18,33,35,40],
[39,39,1,1,1],
[62,74,94,95,111],
[54,59,63,64,79],
[18,27,72,78,96],
[36,39,36,54,63],
[17,24,59,68,69],
[56,78,55,70,72],
[27,28,26,28,30],
[17,24,48,57,73],
[2,2,91,95,102],
[43,50,19,19,22],
[59,64,40,55,60],
[123,128,7,8,8],
[2,2,18,18,25],
[48,70,24,24,24],
[69,77,48,49,55],
[81,83,75,89,115],
[83,91,52,56,57],
[54,60,48,52,59],
[23,25,51,73,106],
[3,3,16,16,16],
[79,80,84,96,96],
[24,28,81,95,105],
[88,109,76,76,98],
[80,111,25,25,25],
[31,40,65,69,78],
[2,2,51,60,67],
[63,82,30,31,34],
[75,83,27,32,36],
[16,21,22,23,28],
[17,18,92,101,119],
[29,33,15,18,18],
[16,17,29,30,35],
[57,65,29,30,30],
[25,34,39,42,46],
[43,45,90,90,105],
[25,29,42,47,48],
[66,93,43,53,55],
[39,54,23,24,24],
[1,1,24,25,28],
[67,69,43,44,57],
[21,25,61,64,73],
[92,121,8,10,10],
[12,16,92,104,112],
[62,67,35,38,38],
[58,88,50,53,62],
[47,52,3,3,5],
[91,103,53,56,69],
[70,87,63,65,79],
[23,35,78,92,105],
[45,49,23,25,28],
[29,30,78,78,82],
[13,14,26,27,35],
[42,55,31,39,42],
[34,39,14,18,18],
[3,4,83,99,111],
[78,103,87,95,109],
[82,96,61,78,85],
[43,51,88,92,100],
[51,68,74,76,86],
[9,12,2,2,2],
[12,13,5,6,8],
[76,116,22,24,25],
[56,63,52,62,68],
[56,58,48,51,69],
[2,2,60,85,112],
[29,36,57,82,94],
[72,74,77,82,90],
[80,104,63,64,66],
[51,61,40,51,54],
[77,83,65,81,103]
];
OpDue = [1274,672,330,1874,743,987,84,1008,941,333,401,1599,1222,356,1029,851,920,1317,1025,726,1572,1185,464,518,204,209,881,973,482,360,1512,1127,941,797,773,1194,500,719,882,599,1018,1199,201,747,1113,1575,1278,990,906,171,1544,1077,1636,1085,956,552,938,996,385,1094,432,430,816,647,1251,654,1169,632,240,1044,801,1043,1050,914,1152,479,1407,1328,1086,651,980,385,773,479,911,1688,1473,1263,1244,113,170,1077,1082,1017,789,992,1404,1407,939,1467];
