nbJobs =20;
nbStages =8;
nbMach =[0,3,3,2,3,2,3,3,3];
nbWork =[0,2,2,2,2,2,2,2,2];
B=10000;
OpDurations = [
[55,74,80,48,52,53,69,69,52,57,63,52,56,36,40,43,4,5,5,22,24,26],
[44,49,58,56,64,80,32,38,66,73,76,40,52,20,24,25,14,14,15,38,45,53],
[26,27,30,58,60,104,58,59,34,42,43,5,5,12,13,14,35,38,45,80,84,96],
[26,26,34,16,19,25,2,2,5,7,7,59,65,1,1,1,45,46,63,84,88,89],
[14,16,16,76,76,76,85,103,9,10,12,33,41,8,10,13,67,71,74,69,74,85],
[28,39,47,50,66,71,14,14,98,98,107,103,117,68,75,84,38,46,51,41,43,44],
[15,17,19,48,52,52,55,63,55,65,71,63,65,37,43,50,51,60,84,54,66,72],
[19,21,22,73,73,87,7,8,65,72,73,43,59,2,2,2,24,32,34,14,15,18],
[50,60,62,9,9,12,63,79,12,14,16,22,28,79,81,89,25,33,42,43,63,64],
[4,6,6,18,22,24,24,24,25,31,34,97,111,37,49,51,38,50,61,71,87,114],
[57,61,65,11,13,16,2,2,28,33,34,66,69,41,46,57,67,78,92,43,50,55],
[3,3,3,23,29,31,26,34,74,77,78,18,21,74,79,79,36,38,44,21,31,37],
[80,91,108,65,68,93,78,102,75,79,101,54,68,29,29,30,83,101,102,73,104,104],
[31,37,38,32,32,33,83,88,11,11,12,85,107,35,50,51,90,93,99,2,2,2],
[85,92,96,32,36,39,59,60,4,4,5,11,15,22,26,27,12,16,16,36,53,53],
[46,48,65,8,12,13,6,6,10,11,14,56,56,23,32,34,22,24,27,41,48,53],
[47,52,55,97,102,120,5,6,65,78,84,40,44,22,24,28,49,55,59,50,61,79],
[69,80,80,44,52,54,13,13,62,62,72,61,70,45,53,59,6,6,6,19,20,22],
[45,60,61,14,17,19,34,36,2,2,2,30,39,16,19,23,53,68,80,25,26,27],
[3,5,6,64,67,84,49,57,99,101,104,92,104,59,83,84,33,34,41,1,1,1]
];
OpDue = [739,705,688,517,779,977,853,549,701,741,704,606,1245,804,581,478,846,698,512,882];
