nbJobs =20;
nbStages =5;
nbMach =[0,3,3,3,3,3];
nbWork =[0,2,2,2,2,2];
B=10000;
OpDurations = [
[49,57,63,43,51,65,77,90,91,36,42,49,31,33,40],
[4,4,5,88,89,108,75,76,88,14,16,20,75,92,101],
[10,12,13,12,12,15,24,29,32,32,33,45,24,24,29],
[75,84,92,31,38,41,49,52,54,68,69,83,58,62,65],
[26,32,36,5,7,7,72,81,81,7,8,9,13,15,15],
[50,55,65,8,8,10,87,89,99,57,61,71,59,63,75],
[34,38,46,12,13,17,84,89,97,76,77,95,47,48,61],
[66,89,95,48,57,75,89,90,98,36,36,49,33,47,52],
[22,25,29,2,4,7,19,23,25,77,86,105,72,97,101],
[40,43,50,62,67,73,69,94,105,23,27,32,10,11,13],
[19,21,21,25,27,32,8,8,10,20,20,21,60,61,78],
[60,68,88,55,56,60,60,66,86,31,38,50,39,49,50],
[61,80,88,60,64,70,31,43,45,87,90,90,57,62,67],
[58,67,88,5,6,6,13,13,15,71,76,81,71,78,82],
[64,77,81,12,13,15,49,69,70,8,13,14,32,34,36],
[2,2,2,15,19,22,99,113,115,61,82,94,55,60,63],
[76,80,88,3,3,3,74,96,120,22,31,34,23,24,25],
[56,72,85,26,29,32,79,90,95,37,45,45,14,16,17],
[75,78,92,43,51,60,48,60,63,41,51,54,18,18,22],
[55,58,68,64,72,80,34,40,40,16,16,19,34,53,58]
];
OpDue = [817,855,346,921,414,857,834,960,694,719,431,856,995,730,587,804,702,738,774,707];
