nbJobs =10;
nbStages =8;
nbMach =[0,2,2,2,3,2,3,3,2];
nbWork =[0,2,2,2,2,2,2,2,2];
B=10000;
OpDurations = [
[52,78,53,66,91,98,54,56,68,71,75,24,34,35,12,16,20,98,119],
[10,15,62,64,67,85,28,42,44,65,69,65,69,79,24,29,30,33,42],
[49,51,8,11,23,29,7,9,9,85,105,44,46,57,37,41,49,101,103],
[4,5,49,67,25,27,90,92,98,38,40,23,26,27,33,35,37,52,54],
[39,40,25,31,46,63,64,66,70,49,61,28,31,33,90,94,109,21,27],
[53,71,53,71,38,40,22,26,27,28,50,21,24,30,64,73,86,67,72],
[64,65,77,82,70,96,59,60,66,75,83,40,42,53,64,66,70,25,33],
[18,26,43,50,56,57,27,36,40,100,113,66,72,75,13,15,15,65,70],
[49,56,80,81,54,55,47,55,65,76,103,78,88,110,39,40,44,62,76],
[59,63,82,84,17,21,7,8,9,57,66,78,96,99,61,71,117,59,94]
];
OpDue = [507,393,382,334,396,396,508,419,535,483];
