nbJobs =50;
nbStages =2;
nbMach =[0,3,3];
nbWork =[0,2,2];
B=10000;
OpDurations = [
[68,84,85,29,34,42],
[67,72,72,44,53,55],
[52,60,70,83,106,109],
[40,41,53,79,81,98],
[69,69,77,49,53,64],
[56,66,68,42,45,54],
[22,28,46,77,84,112],
[58,64,67,11,14,15],
[53,57,76,58,59,61],
[7,8,9,6,6,7],
[5,6,6,59,73,80],
[19,33,36,45,51,52],
[35,38,43,46,51,53],
[61,76,106,16,16,17],
[30,51,57,31,35,35],
[34,38,48,40,44,45],
[66,79,85,1,1,1],
[81,87,94,49,63,75],
[8,10,13,46,50,50],
[35,43,48,24,26,29],
[57,74,81,49,67,81],
[59,90,102,24,28,28],
[47,60,73,30,47,48],
[24,38,40,52,56,62],
[12,13,16,74,84,87],
[73,76,85,47,54,64],
[4,5,6,38,40,44],
[16,20,22,64,68,68],
[21,23,25,88,99,104],
[72,79,80,15,20,22],
[7,9,12,55,57,58],
[71,75,83,19,19,21],
[50,53,58,17,19,19],
[23,24,25,38,46,65],
[53,103,127,25,27,29],
[82,103,113,29,41,42],
[66,87,96,43,49,56],
[27,29,29,70,76,81],
[3,4,4,20,21,21],
[30,32,34,17,21,22],
[53,60,67,67,79,90],
[8,8,9,84,96,114],
[44,47,49,63,96,101],
[73,73,73,75,79,93],
[27,27,31,40,42,51],
[16,24,27,61,64,75],
[87,88,94,81,85,101],
[88,96,113,60,66,81],
[42,46,54,12,13,15],
[5,7,7,8,8,11]
];
OpDue = [684,726,960,784,762,662,738,458,728,86,458,472,532,584,478,498,466,898,354,410,818,662,610,544,572,798,274,516,720,576,396,576,432,442,728,820,794,624,146,312,832,638,800,932,436,534,1072,1008,364,92];
