nbJobs =10;
nbStages =5;
nbMach =[0,2,3,3,2,3];
nbWork =[0,2,2,2,2,2];
B=10000;
OpDurations = [
[91,114,3,3,3,35,40,46,1,1,62,69,71],
[41,48,18,20,21,21,23,28,92,105,66,103,108],
[5,5,42,46,55,24,33,36,60,83,41,41,48],
[36,65,32,37,47,22,32,34,37,43,10,13,14],
[41,44,61,66,73,63,78,78,3,3,13,13,15],
[55,56,65,71,72,17,18,19,3,3,9,10,12],
[69,80,24,30,32,59,85,87,42,62,32,38,40],
[45,46,65,75,85,70,96,98,4,5,7,8,9],
[27,34,47,55,59,57,86,88,37,37,3,3,5],
[52,56,44,60,66,3,4,5,32,43,51,61,65]
];
OpDue = [428,558,397,342,398,312,538,442,404,422];
