nbJobs =100;
nbStages =8;
nbMach =[0,2,2,2,2,2,3,2,2];
nbWork =[0,2,2,2,2,2,2,2,2];
B=10000;
OpDurations = [
[3,3,7,7,2,2,6,7,3,3,51,63,79,66,72,74,80],
[100,105,22,27,4,4,65,73,52,60,78,81,90,6,7,61,61],
[31,34,52,59,73,89,8,10,45,54,97,112,113,6,7,5,5],
[10,10,37,50,33,39,31,35,122,128,43,47,54,34,46,14,16],
[2,2,56,62,7,8,85,86,69,73,14,20,23,71,71,29,31],
[51,65,100,107,16,17,3,3,26,31,65,65,77,83,98,31,33],
[20,26,42,55,20,23,84,93,101,110,46,49,56,2,2,96,105],
[6,6,16,16,70,73,97,104,48,48,95,95,112,60,70,35,40],
[76,104,20,21,70,107,47,70,29,33,37,50,58,18,22,32,38],
[12,13,20,25,81,124,52,78,53,57,76,81,84,29,29,47,50],
[17,17,16,17,68,73,32,34,53,91,7,8,8,69,90,7,7],
[46,56,76,83,30,30,63,77,98,109,25,30,34,68,106,37,43],
[91,99,11,14,78,80,40,50,25,36,68,71,77,63,80,22,32],
[61,75,84,89,70,73,55,56,16,18,44,50,63,30,31,50,58],
[48,55,4,4,81,84,25,35,19,25,63,88,90,20,37,108,112],
[59,71,62,74,97,111,24,26,57,58,94,99,103,87,102,58,77],
[9,13,53,65,57,95,90,103,9,13,3,3,3,44,45,29,33],
[28,39,27,31,101,114,19,22,31,35,35,40,41,84,114,79,107],
[45,56,28,28,3,3,26,27,60,70,51,54,58,78,83,66,81],
[47,50,52,64,79,82,16,19,2,2,65,71,71,56,63,31,36],
[31,51,11,17,50,54,57,62,45,63,30,31,36,62,65,66,70],
[83,121,34,43,37,39,34,36,7,10,2,3,3,26,27,3,4],
[20,30,45,69,74,82,32,48,65,84,24,24,27,41,42,41,54],
[101,103,55,66,58,73,66,82,70,98,1,1,1,54,57,56,94],
[54,55,76,85,74,79,47,65,26,28,15,17,21,41,46,54,63],
[24,29,49,73,5,7,34,38,9,10,87,87,91,12,12,14,14],
[45,55,30,30,86,91,65,66,10,14,86,86,93,16,18,68,93],
[13,16,62,74,21,28,10,12,68,101,92,103,120,92,94,65,76],
[76,100,31,43,71,128,55,55,52,69,80,93,96,11,12,1,1],
[18,21,33,38,4,6,47,70,21,27,45,46,57,95,104,62,67],
[65,70,38,50,20,20,1,1,2,2,35,40,42,47,52,10,18],
[21,23,4,6,41,43,22,30,39,65,66,85,89,24,25,61,73],
[94,107,36,45,23,35,79,79,95,109,64,77,83,47,53,25,38],
[14,17,6,9,114,116,8,9,36,43,38,58,59,88,89,50,63],
[82,93,21,28,92,95,57,82,22,25,34,36,37,9,14,71,83],
[45,51,20,20,85,93,53,73,57,79,60,76,111,60,63,56,70],
[73,94,80,90,84,84,4,5,31,36,46,53,54,50,54,26,30],
[16,17,71,93,69,72,79,99,24,27,14,16,19,11,11,77,122],
[7,7,44,46,62,63,57,67,77,98,56,67,72,56,58,64,79],
[29,45,39,43,17,17,28,46,1,1,32,34,36,3,3,83,108],
[7,7,4,5,9,10,40,63,84,90,56,74,82,44,67,34,38],
[77,105,19,24,14,15,76,83,44,48,80,94,95,23,24,95,97],
[46,49,47,67,87,97,63,84,24,40,54,66,70,64,65,14,15],
[37,38,64,77,47,56,40,46,79,87,18,20,20,17,17,11,12],
[61,92,35,42,41,41,21,26,18,18,75,81,88,28,38,73,97],
[55,67,14,17,58,66,15,17,69,77,34,40,42,17,20,54,58],
[63,77,62,62,27,29,60,62,59,82,76,94,103,42,58,94,108],
[51,65,90,104,66,78,13,13,41,77,11,11,13,61,63,39,51],
[75,88,30,41,19,19,8,13,68,72,28,35,38,35,46,78,80],
[54,62,68,73,80,104,38,48,67,68,7,8,14,41,43,17,23],
[5,5,60,62,44,56,42,46,19,24,79,88,95,68,96,26,30],
[57,66,6,7,36,63,69,79,22,30,69,78,82,63,69,18,20],
[78,92,67,81,30,34,78,88,88,91,9,11,14,24,24,49,92],
[63,70,7,8,45,46,65,81,23,32,44,56,67,14,15,55,64],
[92,93,68,96,56,72,11,13,18,21,95,110,116,34,49,74,80],
[81,87,44,54,89,95,47,67,16,20,14,14,15,26,36,44,53],
[44,66,44,55,12,15,57,66,53,55,17,18,21,85,94,3,5],
[73,115,6,7,79,82,29,30,8,9,76,89,96,29,34,72,84],
[54,56,59,82,20,20,55,89,14,15,64,98,99,57,74,22,28],
[71,72,12,16,45,50,34,44,52,60,43,50,51,38,47,71,75],
[31,33,6,7,80,102,19,26,104,132,24,35,36,49,51,70,78],
[45,49,36,36,86,101,77,118,82,90,31,31,33,92,101,3,3],
[45,83,92,97,73,74,27,28,36,37,57,64,83,23,25,86,109],
[76,78,78,96,44,73,70,91,27,36,12,18,22,36,44,39,42],
[54,68,62,82,29,31,44,51,67,101,38,50,54,85,86,31,31],
[9,12,52,82,14,18,78,90,4,5,61,78,81,64,66,8,9],
[15,22,6,7,37,45,48,48,31,39,75,79,87,56,64,60,67],
[74,96,82,113,10,11,2,2,53,54,5,5,6,27,50,81,91],
[46,57,14,17,56,64,84,105,90,92,6,7,7,36,48,83,104],
[76,94,9,15,35,36,35,44,62,65,31,37,41,87,88,58,85],
[63,129,2,4,26,29,63,69,36,41,17,18,25,36,40,83,85],
[30,38,62,80,81,91,22,29,69,82,3,3,3,34,37,42,61],
[3,3,65,80,3,3,94,111,7,9,2,2,2,47,55,21,37],
[70,101,5,6,72,91,13,18,11,13,29,33,34,46,63,50,70],
[84,104,24,28,92,108,67,82,29,33,25,29,34,24,26,26,28],
[54,73,63,69,62,62,66,67,51,54,19,20,23,57,85,43,45],
[22,24,9,9,10,11,78,79,45,54,48,95,106,91,94,61,92],
[71,84,36,37,46,76,58,70,7,17,10,11,12,30,31,20,30],
[59,82,73,75,79,83,84,87,11,14,55,56,69,37,49,24,28],
[82,107,88,112,17,18,11,13,93,93,16,17,20,51,56,48,55],
[39,49,37,50,31,39,105,107,79,81,25,25,33,56,68,71,80],
[87,93,35,36,8,10,4,4,42,64,32,34,36,48,49,47,50],
[53,78,73,96,84,88,3,5,33,38,13,15,19,70,73,47,98],
[20,22,42,61,68,98,60,67,36,41,32,46,50,17,17,78,96],
[15,16,90,94,28,29,51,54,5,6,26,28,34,25,27,4,5],
[26,42,79,84,65,69,54,66,44,55,6,6,7,18,34,52,70],
[46,49,43,50,70,72,69,70,39,54,55,62,68,90,92,10,11],
[57,68,16,17,46,52,59,62,31,40,65,98,102,82,111,47,50],
[59,68,61,83,31,34,29,40,49,67,32,43,53,31,34,8,9],
[52,92,65,68,37,40,12,13,20,21,16,18,24,88,99,68,74],
[35,38,71,71,24,24,68,80,63,69,61,80,94,59,64,43,50],
[80,89,15,19,45,45,61,81,3,4,65,78,78,59,59,44,47],
[66,80,31,36,29,37,76,95,76,77,1,1,1,15,18,2,2],
[77,84,54,71,44,55,26,30,56,64,65,68,72,70,96,18,21],
[36,41,77,104,24,27,8,8,40,41,35,37,38,81,91,84,100],
[31,41,99,112,42,75,6,7,60,80,31,31,32,62,69,95,110],
[63,73,41,56,8,9,58,61,61,63,114,116,138,67,71,54,61],
[69,89,71,80,72,73,61,69,23,27,49,49,51,8,9,37,43],
[50,67,47,52,52,58,44,55,75,81,84,91,94,90,105,3,3],
[73,92,53,106,77,104,105,110,60,64,65,81,95,45,65,66,93]
];
OpDue = [1623,2846,2424,2454,2415,2807,3079,3116,2743,2907,2122,3435,3028,3047,2862,4061,2324,3179,2669,2580,2690,1783,2720,3623,2899,1773,3023,3297,3095,2491,1659,2230,3550,2679,2959,3464,2951,2872,3203,1859,2252,3232,3110,2333,2778,2385,3735,2924,2588,2819,2652,2652,3285,2448,3469,2757,2420,2909,2867,2741,2980,3438,3399,3026,3208,2302,2470,2648,3183,3016,2611,2674,1897,2426,2848,3123,2958,2223,3168,3078,3316,2258,3046,2829,1777,2697,3109,3201,2409,2757,3205,2794,2247,3159,2924,3331,3470,2906,3365,4458];
