nbJobs =20;
nbStages =8;
nbMach =[0,3,2,3,2,2,2,3,3];
nbWork =[0,2,2,2,2,2,2,2,2];
B=10000;
OpDurations = [
[22,27,33,75,79,2,2,2,2,2,81,83,68,81,35,44,47,2,2,2],
[13,13,15,56,76,23,27,27,9,9,67,102,71,89,37,40,41,53,59,59],
[101,114,119,73,105,89,97,104,26,31,73,87,27,27,31,34,39,59,73,80],
[5,5,5,35,40,7,8,8,1,1,20,22,5,9,11,12,17,38,39,42],
[52,69,70,5,7,53,65,74,21,22,84,92,39,53,26,32,36,77,79,96],
[70,81,107,4,5,34,43,47,71,101,60,82,50,61,51,54,64,61,64,68],
[54,57,64,65,97,71,82,98,49,54,59,74,90,106,37,44,51,17,18,24],
[32,37,44,59,60,65,68,75,74,105,23,30,106,107,6,8,9,7,11,12],
[74,79,93,18,23,44,47,50,69,69,28,31,47,60,18,19,21,16,19,19],
[9,12,16,73,82,12,17,24,11,14,4,6,20,23,66,78,88,53,63,75],
[19,21,25,57,57,27,30,37,3,3,15,17,73,90,33,33,33,23,24,24],
[13,14,15,27,29,94,103,110,2,2,8,9,42,44,1,1,1,85,92,92],
[67,78,86,15,16,19,24,27,32,40,72,85,36,37,20,22,24,57,64,72],
[64,84,101,57,68,14,17,21,40,49,45,53,14,14,75,83,87,42,59,80],
[29,31,34,44,48,60,72,89,16,16,14,18,95,100,75,84,87,1,1,1],
[41,43,46,55,68,86,97,104,95,114,18,18,76,121,76,91,94,28,35,39],
[72,75,91,41,47,90,94,118,37,47,12,13,83,91,9,9,12,17,24,26],
[85,87,90,32,40,103,108,110,10,12,15,20,4,5,82,91,99,8,8,9],
[45,62,74,40,45,93,94,109,30,33,76,85,57,62,13,14,14,21,24,27],
[2,4,4,4,5,43,50,64,65,68,20,22,42,51,91,100,103,47,61,68]
];
OpDue = [618,750,1076,264,809,930,1005,813,678,575,534,577,706,825,727,1085,796,725,821,702];
