nbJobs =20;
nbStages =2;
nbMach =[0,3,3];
nbWork =[0,2,2];
B=10000;
OpDurations = [
[30,37,45,84,92,94],
[2,6,7,50,61,61],
[7,8,9,63,76,82],
[29,35,35,29,32,32],
[58,63,67,41,47,49],
[62,64,74,73,75,90],
[13,13,14,48,56,65],
[31,31,37,78,80,103],
[54,56,68,55,56,73],
[56,57,62,63,69,73],
[49,59,65,59,62,71],
[10,10,13,58,63,71],
[60,71,71,28,31,31],
[29,40,41,22,25,46],
[8,9,9,66,85,96],
[67,90,97,37,39,40],
[42,59,71,64,91,102],
[83,95,98,38,45,45],
[50,51,67,45,49,50],
[27,29,31,53,57,61]
];
OpDue = [509,249,327,256,433,584,279,480,483,507,487,300,389,271,364,493,572,539,416,344];
