nbJobs =20;
nbStages =2;
nbMach =[0,3,2];
nbWork =[0,2,2];
B=10000;
OpDurations = [
[34,42,54,4,6],
[20,20,25,13,15],
[11,13,13,36,39],
[1,1,1,48,50],
[10,10,11,88,89],
[63,70,76,42,54],
[41,51,56,55,62],
[2,2,2,29,32],
[74,76,97,35,40],
[39,40,48,44,58],
[46,46,54,90,102],
[70,79,85,40,47],
[27,30,37,73,83],
[33,46,46,83,104],
[22,23,24,16,20],
[24,29,32,27,28],
[21,24,29,75,90],
[48,58,60,6,6],
[17,18,22,63,73],
[69,81,93,30,38]
];
OpDue = [193,143,199,200,395,471,431,130,479,373,579,486,437,541,164,223,429,245,348,460];
