nbJobs =20;
nbStages =8;
nbMach =[0,2,2,2,2,2,2,3,3];
nbWork =[0,2,2,2,2,2,2,2,2];
B=10000;
OpDurations = [
[43,51,46,58,66,72,21,24,48,54,51,62,77,84,88,24,28,29],
[73,86,12,16,75,78,18,21,64,65,18,21,80,87,92,89,110,127],
[55,68,17,22,55,56,92,118,41,49,78,101,58,63,64,31,32,36],
[12,15,83,94,22,28,45,55,70,82,86,94,7,8,9,25,29,39],
[59,66,35,37,31,36,25,32,48,56,62,72,71,85,107,15,18,19],
[17,21,22,24,75,76,68,77,33,69,7,7,75,77,101,35,37,44],
[33,36,77,97,68,78,6,6,14,15,65,72,33,34,43,70,75,90],
[10,14,10,13,52,60,21,26,40,68,88,98,26,27,33,40,49,53],
[79,91,61,94,22,30,61,80,37,41,22,27,6,10,11,45,53,78],
[101,104,88,102,52,53,23,25,69,78,83,95,49,55,68,85,86,117],
[30,31,52,65,39,49,5,6,17,19,25,28,49,65,73,79,82,87],
[95,99,18,28,79,83,40,45,19,21,85,92,77,80,90,84,90,111],
[82,100,37,41,70,80,76,85,38,42,75,81,49,49,52,19,22,22],
[71,73,40,48,19,25,6,6,52,87,59,63,44,49,51,25,26,30],
[30,42,51,59,28,39,96,109,7,11,18,24,41,45,50,84,86,91],
[32,38,16,19,23,30,77,78,47,47,61,89,87,96,100,78,80,85],
[37,49,40,42,102,120,47,57,58,61,35,40,6,6,6,65,71,92],
[29,31,2,2,64,68,67,76,65,72,71,82,69,90,96,1,1,1],
[28,30,21,24,64,73,105,110,49,57,81,91,8,9,9,15,16,18],
[3,7,39,58,15,17,16,18,47,50,38,42,34,34,40,76,81,83]
];
OpDue = [816,937,941,764,769,742,797,652,780,1180,656,1059,949,699,779,908,852,801,783,582];
