nbJobs =20;
nbStages =2;
nbMach =[0,3,2];
nbWork =[0,2,2];
B=10000;
OpDurations = [
[11,12,13,24,31],
[72,77,87,88,93],
[19,22,35,102,111],
[16,19,20,9,10],
[21,21,24,16,20],
[55,58,66,75,77],
[48,51,67,99,107],
[76,79,84,47,52],
[85,99,100,7,9],
[11,13,14,50,60],
[43,53,57,7,7],
[47,49,59,64,76],
[66,67,74,106,115],
[74,79,103,58,68],
[53,65,95,58,86],
[67,72,78,46,50],
[76,85,100,69,84],
[64,107,115,59,69],
[34,37,41,68,75],
[55,64,72,31,38]
];
OpDue = [158,677,527,111,160,543,633,517,411,271,232,487,718,593,572,481,654,637,435,393];
