nbJobs =10;
nbStages =8;
nbMach =[0,3,2,2,3,3,2,2,2];
nbWork =[0,2,2,2,2,2,2,2,2];
B=10000;
OpDurations = [
[42,49,55,86,87,38,40,91,92,105,8,8,9,63,79,48,49,74,76],
[90,90,90,55,63,27,40,91,100,106,79,95,103,62,64,94,96,3,3],
[33,38,45,8,10,9,13,51,62,73,79,118,118,105,119,6,6,48,57],
[33,35,46,42,43,17,25,99,108,115,40,43,44,86,117,19,21,73,92],
[52,69,71,65,71,58,63,3,4,4,37,41,53,17,22,15,22,67,68],
[71,102,107,73,95,44,60,94,100,111,7,9,10,36,43,52,63,73,88],
[24,28,35,48,59,74,95,53,58,63,26,29,30,26,27,77,95,34,38],
[50,55,55,38,42,63,72,20,20,24,16,18,19,25,33,93,115,93,106],
[47,50,50,59,95,40,83,25,31,40,43,52,60,59,66,40,45,57,99],
[71,76,88,48,54,44,46,48,52,55,25,28,31,8,10,75,90,38,48]
];
OpDue = [473,535,396,455,345,517,402,432,454,389];
