nbJobs =20;
nbStages =2;
nbMach =[0,3,2];
nbWork =[0,2,2];
B=10000;
OpDurations = [
[27,28,28,65,80],
[58,68,88,8,10],
[68,89,91,29,39],
[85,98,108,78,91],
[23,25,25,25,34],
[5,6,8,15,18],
[18,20,27,91,95],
[29,29,33,84,92],
[67,80,107,1,1],
[46,61,62,24,30],
[77,89,118,4,5],
[80,84,90,66,73],
[51,53,55,59,74],
[31,33,35,21,21],
[40,44,49,31,38],
[67,69,89,106,112],
[28,35,41,83,109],
[10,12,13,75,94],
[59,60,66,85,103],
[43,57,60,67,71]
];
OpDue = [401,321,467,726,215,91,459,473,343,333,397,617,478,216,315,736,523,385,623,489];
