nbJobs =10;
nbStages =5;
nbMach =[0,3,2,3,3,3];
nbWork =[0,2,2,2,2,2];
B=10000;
OpDurations = [
[67,74,74,56,71,65,67,95,47,61,72,45,68,79],
[20,21,28,106,107,19,23,24,53,60,67,57,77,83],
[73,79,83,32,41,55,57,78,42,51,54,15,21,21],
[36,43,46,68,79,38,43,46,6,6,7,47,67,78],
[3,3,3,35,45,62,65,73,88,89,93,10,10,15],
[41,47,51,29,42,59,59,79,49,50,58,51,64,77],
[39,40,45,37,39,99,110,113,67,74,97,57,64,78],
[86,103,135,24,32,87,91,98,78,80,106,95,101,107],
[63,63,78,36,39,78,81,91,99,99,103,35,46,53],
[54,62,64,90,100,105,115,116,48,52,58,81,84,101]
];
OpDue = [670,568,492,456,423,528,665,834,668,817];
