nbJobs =100;
nbStages =8;
nbMach =[0,2,2,2,3,2,2,3,3];
nbWork =[0,2,2,2,2,2,2,2,2];
B=10000;
OpDurations = [
[28,33,3,6,23,25,55,59,68,55,62,11,12,60,61,98,77,84,91],
[22,25,13,18,6,6,59,71,83,15,17,47,48,63,71,85,21,21,23],
[93,98,6,8,80,94,79,99,99,38,42,61,116,91,98,117,16,18,18],
[19,20,29,29,87,134,53,56,65,21,27,57,85,27,31,40,42,46,49],
[36,41,75,86,24,26,34,45,55,27,33,37,46,26,27,29,1,1,1],
[65,83,76,105,46,49,22,26,27,44,53,39,59,64,67,69,14,18,22],
[18,29,17,19,84,84,19,19,20,90,92,76,96,60,61,75,45,46,61],
[30,36,86,91,27,38,43,44,44,57,57,72,90,77,81,100,27,27,33],
[35,58,54,64,60,79,64,66,68,1,1,25,41,10,12,15,14,15,17],
[54,61,30,32,8,9,33,35,38,22,23,40,71,21,27,29,74,80,90],
[98,104,37,53,94,104,11,13,13,82,96,19,24,79,84,85,62,70,76],
[54,63,38,43,83,95,15,16,19,30,31,39,42,92,102,110,17,21,25],
[59,76,53,88,72,92,9,9,10,21,27,3,3,54,59,71,29,29,35],
[7,8,34,40,19,19,54,69,83,112,115,25,26,68,79,104,26,28,28],
[8,10,78,95,59,88,71,82,83,39,43,25,31,6,7,8,52,70,75],
[28,29,30,39,12,14,48,61,70,19,22,22,24,27,46,46,3,3,3],
[1,1,70,81,21,24,41,46,50,11,15,66,75,33,39,41,88,104,104],
[5,6,50,66,90,102,49,56,58,91,97,47,47,19,21,22,54,62,73],
[18,18,82,98,76,110,28,29,30,41,43,98,112,3,3,3,36,36,40],
[88,96,85,92,42,42,59,61,69,7,7,62,83,65,75,76,4,4,5],
[60,65,62,65,23,27,45,48,50,57,57,66,71,54,57,67,10,11,11],
[43,48,4,6,13,15,37,38,42,47,48,6,7,44,82,85,51,61,65],
[56,71,69,81,72,85,4,5,5,19,19,55,59,6,8,8,94,95,105],
[15,16,85,86,48,63,3,3,3,33,39,5,6,42,44,47,25,27,29],
[43,46,45,61,27,27,49,63,72,11,13,96,108,56,60,66,83,85,91],
[37,66,3,3,39,40,62,66,93,10,11,29,44,4,4,5,52,56,68],
[21,22,11,12,68,82,89,90,97,79,81,38,51,63,72,73,53,68,79],
[92,102,20,23,33,41,12,15,17,82,99,45,53,57,65,69,47,47,58],
[3,5,51,60,40,51,5,6,7,24,31,44,53,78,79,84,55,59,68],
[70,72,69,75,61,62,91,92,93,19,21,6,7,55,70,75,76,95,109],
[13,15,66,78,52,59,26,34,36,68,79,72,78,15,16,18,60,60,81],
[21,27,48,57,59,76,62,70,73,55,69,63,72,9,13,15,46,49,56],
[52,62,58,64,22,23,13,14,17,54,58,14,16,39,39,55,76,99,107],
[23,23,59,78,3,3,45,60,63,40,41,11,17,81,88,95,81,81,82],
[75,92,77,89,43,47,57,60,65,76,76,1,1,26,27,29,59,62,72],
[60,91,45,50,13,21,23,25,31,88,93,26,27,22,23,24,2,2,2],
[43,52,73,80,27,31,22,27,35,30,42,81,99,25,32,34,66,67,70],
[66,67,62,66,3,3,95,97,105,52,65,41,48,52,70,73,16,19,20],
[35,36,35,36,8,14,78,92,98,46,75,23,30,91,108,120,90,97,100],
[55,72,41,49,16,21,54,58,70,43,75,3,3,81,84,107,51,53,54],
[92,123,74,80,33,38,45,49,50,54,75,30,38,4,5,6,49,55,65],
[28,38,28,50,35,49,66,81,110,20,27,43,49,60,61,82,22,23,26],
[77,86,17,22,3,4,60,84,85,50,55,30,43,31,40,42,29,31,36],
[37,39,18,21,98,109,33,41,43,94,105,31,33,46,53,54,74,78,80],
[32,50,60,68,82,87,46,46,57,25,28,41,56,71,106,109,6,7,10],
[52,71,22,37,9,12,77,84,85,49,53,63,77,64,69,87,93,97,121],
[101,115,8,10,62,69,21,24,26,52,55,20,32,54,56,64,72,111,121],
[46,58,35,52,25,30,80,90,98,65,69,9,11,38,44,46,23,23,24],
[29,31,35,38,25,27,18,18,20,50,61,15,16,53,76,84,57,70,76],
[16,31,87,105,58,61,39,40,40,78,95,28,33,34,42,46,28,43,45],
[69,105,81,88,75,86,88,94,95,10,14,38,61,55,67,69,27,29,29],
[73,84,58,67,31,42,38,47,50,31,52,76,91,19,21,21,72,77,81],
[9,12,59,70,47,48,8,9,10,33,40,25,27,38,43,48,1,1,1],
[47,49,99,100,10,14,26,29,32,72,83,19,19,7,7,8,43,45,46],
[4,5,27,29,32,32,53,65,75,58,58,38,39,63,75,86,49,60,90],
[22,27,46,50,54,55,34,43,49,49,49,26,27,97,98,104,47,48,50],
[59,70,12,14,86,109,49,51,75,46,55,97,107,51,61,66,55,58,64],
[79,81,25,30,1,1,37,40,43,23,23,8,10,12,14,15,1,1,1],
[7,7,41,59,16,16,79,83,100,63,73,108,127,28,29,32,33,37,41],
[77,85,57,68,11,13,6,7,7,74,90,89,91,16,20,26,26,38,41],
[27,27,8,9,19,20,3,3,3,69,101,72,74,74,93,97,38,44,50],
[3,3,57,60,18,31,33,38,41,27,28,4,5,42,43,45,68,71,99],
[34,36,72,75,69,71,17,21,22,27,34,15,18,68,87,113,50,66,86],
[60,86,60,71,59,62,77,81,89,48,52,50,50,63,80,86,38,40,47],
[61,79,64,86,17,20,77,81,95,38,43,5,7,50,70,78,66,70,91],
[82,84,54,56,84,106,24,32,33,89,103,11,15,46,61,64,24,27,27],
[71,84,28,38,47,52,2,2,2,59,60,9,9,11,12,14,90,115,117],
[24,35,52,59,11,13,61,63,90,4,5,48,52,28,32,35,90,97,121],
[22,24,25,35,88,108,75,76,81,25,30,51,63,54,67,67,10,11,14],
[83,85,95,97,30,34,45,48,50,28,36,11,14,13,13,15,62,65,72],
[28,28,85,101,4,4,11,13,15,78,96,4,4,34,48,53,30,34,36],
[18,24,62,79,22,27,74,84,87,77,116,6,8,43,44,51,5,7,10],
[17,18,67,71,51,81,30,33,42,8,9,56,61,54,60,66,10,11,13],
[51,76,31,39,16,19,64,66,78,55,73,20,20,28,28,31,78,82,83],
[80,107,65,65,33,54,68,78,96,20,28,46,56,11,11,14,87,93,97],
[21,26,33,33,59,69,11,12,14,85,103,33,43,16,18,20,43,43,43],
[51,60,78,89,57,64,82,87,111,36,61,38,55,26,35,41,43,44,45],
[34,49,6,11,28,30,58,65,68,35,42,55,58,38,40,50,73,82,83],
[39,60,7,8,29,30,33,33,42,22,35,17,20,68,87,107,1,1,1],
[61,77,77,84,73,84,34,37,44,28,29,20,29,98,101,113,2,4,5],
[68,87,22,26,5,6,61,70,76,85,88,71,98,74,92,112,54,65,96],
[44,51,91,97,47,81,75,77,84,97,120,54,58,18,19,21,10,12,13],
[28,30,34,43,47,60,33,38,45,14,16,3,3,72,73,107,59,62,66],
[91,118,55,79,3,3,94,99,118,4,4,62,79,41,47,68,15,15,17],
[84,92,35,39,52,76,56,60,69,67,74,35,57,31,36,40,2,2,2],
[2,2,27,38,28,37,73,86,98,68,70,21,21,51,62,67,71,80,82],
[31,33,81,91,8,8,45,59,61,39,40,42,44,70,84,92,78,82,83],
[9,12,49,51,13,16,12,14,15,18,22,77,81,6,7,7,77,97,99],
[89,90,1,1,55,90,76,91,107,87,107,14,24,52,56,63,44,67,75],
[3,5,44,45,75,87,3,3,3,32,41,18,21,70,76,94,3,3,3],
[16,17,28,33,70,79,31,36,38,40,52,10,13,63,94,115,61,75,79],
[40,79,76,78,32,41,30,35,42,51,61,77,89,38,51,58,56,64,74],
[82,97,15,30,79,106,65,74,90,69,76,34,34,7,9,9,18,23,25],
[51,58,34,40,25,38,22,24,27,15,17,23,29,48,53,83,27,35,35],
[79,88,58,112,85,99,46,53,59,24,27,47,50,6,7,7,53,55,65],
[54,58,2,2,31,32,59,72,76,50,64,20,29,64,78,80,22,25,30],
[44,44,57,60,56,75,86,87,88,62,64,42,58,22,23,23,36,39,40],
[59,70,39,40,101,107,59,80,86,48,65,65,74,8,12,14,11,12,13],
[6,8,47,58,33,34,73,74,80,17,19,32,34,51,73,91,22,22,27],
[21,26,27,28,39,42,6,8,9,89,113,85,116,75,79,83,81,85,87]
];
OpDue = [2427,1919,3708,2732,2019,2934,3065,3155,2119,2221,3639,2786,2441,2675,2725,1553,2552,3070,2921,3089,2759,2008,2821,1906,3128,1944,3224,2968,2296,3381,2837,2831,2552,2620,3086,2158,2835,2932,3222,2751,2995,2524,2377,3219,2920,3371,3115,2487,2246,2905,3485,3112,1666,2359,2564,2748,3529,1366,2888,2729,2436,1946,2815,3495,3052,3183,2451,2500,2710,2689,2151,2482,2281,2655,3234,2281,3261,2518,1805,2989,3579,3358,2268,2942,2834,2662,2986,1997,3425,1901,2634,3229,2924,1981,3161,2378,3003,3026,2205,3248];
