nbJobs =100;
nbStages =2;
nbMach =[0,3,3];
nbWork =[0,2,2];
B=10000;
OpDurations = [
[57,61,70,56,69,78],
[58,58,65,46,70,74],
[2,2,2,14,20,21],
[35,45,55,35,48,49],
[19,20,21,71,81,97],
[73,88,100,81,86,88],
[63,72,74,44,58,58],
[51,65,96,67,100,102],
[57,84,106,35,43,44],
[33,34,43,23,24,30],
[6,7,7,8,10,12],
[45,57,66,27,29,35],
[64,77,88,45,56,65],
[57,70,72,41,50,55],
[69,74,80,42,46,55],
[31,39,40,65,66,91],
[57,65,75,61,74,77],
[58,59,70,21,23,32],
[37,46,52,19,24,27],
[13,14,15,22,37,42],
[28,44,48,91,93,104],
[4,6,6,49,67,75],
[22,29,31,81,86,87],
[15,16,18,25,36,43],
[81,97,99,49,52,68],
[71,88,90,15,16,17],
[49,67,73,65,70,72],
[8,8,9,76,81,87],
[40,41,46,27,31,33],
[10,11,12,58,62,70],
[44,56,56,90,91,94],
[11,20,21,9,15,16],
[35,39,43,74,74,86],
[7,8,10,40,51,56],
[12,16,17,43,50,60],
[24,31,38,1,1,1],
[21,25,28,2,2,2],
[60,71,84,33,36,43],
[25,27,29,54,57,69],
[52,57,69,22,23,26],
[36,36,43,7,7,8],
[5,6,6,38,39,51],
[15,17,19,20,22,23],
[55,62,70,37,38,45],
[75,82,96,21,28,29],
[65,83,83,44,52,74],
[29,37,39,27,39,42],
[67,72,83,4,6,7],
[40,41,57,2,2,2],
[66,67,89,57,64,70],
[40,44,52,79,83,110],
[12,13,14,101,112,125],
[52,63,79,92,104,110],
[14,15,15,22,25,28],
[3,3,3,4,4,6],
[34,41,50,51,54,59],
[41,42,44,91,93,97],
[31,34,38,68,73,75],
[68,85,102,15,17,19],
[22,28,31,60,79,81],
[63,68,69,15,16,21],
[23,25,33,13,14,17],
[58,60,71,85,90,106],
[88,90,99,51,63,69],
[35,52,62,20,21,21],
[67,77,84,28,33,41],
[45,50,64,65,71,80],
[7,9,14,53,56,57],
[58,75,87,1,1,1],
[59,73,83,35,36,43],
[8,8,9,45,47,55],
[80,84,93,69,91,103],
[22,24,26,61,84,100],
[84,105,120,29,34,38],
[63,70,74,64,82,96],
[51,54,55,6,8,9],
[68,88,106,23,25,27],
[23,25,29,62,94,99],
[51,54,55,78,80,99],
[19,26,27,2,3,4],
[38,50,52,33,34,41],
[72,74,82,31,42,52],
[35,48,54,29,38,41],
[7,7,8,53,75,83],
[65,81,97,24,26,27],
[7,7,8,6,6,8],
[71,94,99,68,73,73],
[28,31,32,48,54,60],
[53,61,79,33,39,41],
[46,51,58,17,19,23],
[81,86,94,26,28,30],
[52,63,76,14,14,15],
[86,95,116,75,85,89],
[50,53,58,31,32,45],
[79,80,100,41,49,56],
[82,83,93,85,93,102],
[7,8,8,2,4,5],
[48,53,57,10,10,10],
[41,46,62,61,99,101],
[60,67,79,78,93,128]
];
OpDue = [1173,1113,183,801,927,1548,1107,1443,1107,561,150,777,1185,1035,1098,996,1227,789,615,429,1224,621,1008,459,1338,891,1188,807,654,669,1293,276,1053,516,594,288,240,981,783,747,411,435,348,921,993,1203,639,717,432,1239,1224,1131,1500,357,69,867,1224,957,918,903,756,375,1410,1380,633,990,1125,588,669,987,516,1560,951,1230,1347,549,1011,996,1251,243,744,1059,735,699,960,126,1434,759,918,642,1035,702,1638,807,1215,1614,102,564,1230,1515];
