nbJobs =10;
nbStages =8;
nbMach =[0,3,2,3,2,2,3,2,3];
nbWork =[0,2,2,2,2,2,2,2,2];
B=10000;
OpDurations = [
[60,67,72,17,23,41,42,47,41,46,46,54,34,35,49,12,17,34,40,41],
[34,36,45,48,69,2,2,2,16,17,34,44,14,14,15,40,44,14,14,18],
[52,88,93,43,51,34,36,47,86,93,81,87,39,39,50,7,8,2,3,4],
[54,57,72,72,73,2,5,6,41,47,78,96,31,41,45,19,22,63,64,78],
[70,72,88,40,46,35,45,49,3,5,35,49,9,11,12,37,52,42,62,67],
[21,24,29,6,6,8,12,12,47,56,41,42,58,65,70,64,84,37,38,38],
[54,68,78,78,88,55,77,78,16,22,32,39,41,47,60,72,110,77,85,110],
[9,10,14,26,37,39,62,73,84,101,56,72,17,24,28,33,50,26,37,40],
[46,51,55,76,130,29,29,30,15,16,12,16,85,96,97,104,127,37,50,54],
[39,42,43,34,35,56,77,84,71,110,50,61,57,61,70,47,49,86,88,101]
];
OpDue = [315,226,390,397,321,310,505,356,468,497];
