nbJobs =100;
nbStages =2;
nbMach =[0,2,2];
nbWork =[0,2,2];
B=10000;
OpDurations = [
[17,21,23,31],
[29,47,27,27],
[24,26,2,2],
[67,72,29,31],
[75,100,106,120],
[26,38,66,67],
[70,86,64,98],
[47,48,52,52],
[60,61,41,51],
[54,73,80,88],
[11,12,73,84],
[65,67,44,49],
[29,31,34,41],
[54,58,18,21],
[61,63,26,38],
[32,38,54,56],
[39,51,40,55],
[34,48,68,78],
[45,46,33,34],
[75,92,29,39],
[65,79,36,50],
[84,86,5,8],
[5,6,26,30],
[34,64,42,48],
[93,101,12,17],
[61,67,57,61],
[52,80,21,36],
[2,2,12,16],
[56,65,6,7],
[42,75,12,14],
[83,86,93,114],
[53,83,88,105],
[51,56,46,68],
[3,3,81,83],
[63,79,64,71],
[34,34,26,32],
[29,34,110,115],
[15,15,79,110],
[54,65,59,64],
[56,58,51,69],
[27,32,34,79],
[49,52,3,3],
[79,82,72,85],
[5,6,66,103],
[71,77,2,2],
[92,97,67,83],
[23,24,81,94],
[46,63,14,19],
[10,20,25,36],
[67,69,14,23],
[100,106,76,99],
[45,68,90,109],
[31,36,77,103],
[79,82,14,18],
[100,113,43,44],
[28,44,70,88],
[46,46,43,46],
[86,105,72,75],
[77,102,3,3],
[32,36,45,49],
[71,74,14,16],
[104,107,78,122],
[57,86,75,111],
[64,85,8,11],
[84,84,58,64],
[1,1,18,28],
[93,96,36,39],
[81,98,49,50],
[5,7,41,46],
[26,32,43,45],
[1,1,30,36],
[79,86,109,122],
[6,7,40,56],
[5,8,64,91],
[35,51,17,19],
[3,3,75,77],
[41,57,27,44],
[57,64,23,25],
[91,92,56,68],
[71,72,42,43],
[12,14,5,7],
[23,28,87,93],
[30,30,35,45],
[18,19,99,109],
[47,58,19,20],
[84,99,104,124],
[18,23,11,12],
[73,93,101,110],
[76,79,47,55],
[43,66,47,54],
[67,91,27,31],
[100,102,74,76],
[68,75,62,102],
[32,42,28,31],
[52,62,82,83],
[100,108,1,1],
[58,65,11,15],
[2,4,62,79],
[17,23,79,103],
[80,87,30,31]
];
OpDue = [414,585,243,896,1805,887,1431,896,959,1328,810,1013,608,680,846,810,833,1026,711,1058,1035,824,302,846,1004,1107,851,144,603,644,1692,1481,995,765,1247,567,1296,986,1089,1053,774,482,1431,810,684,1526,999,639,410,779,1715,1404,1112,869,1350,1035,815,1521,833,729,788,1850,1481,756,1305,216,1188,1251,446,657,306,1782,491,756,549,711,761,761,1382,1026,171,1040,630,1103,648,1850,288,1697,1157,945,972,1584,1382,599,1256,945,671,662,999,1026];
