nbJobs =20;
nbStages =8;
nbMach =[0,2,3,2,2,3,3,3,3];
nbWork =[0,2,2,2,2,2,2,2,2];
B=10000;
OpDurations = [
[65,83,47,75,83,11,17,36,51,50,54,56,46,53,54,60,85,89,98,101,102],
[3,3,35,37,50,11,14,8,10,61,70,91,29,32,35,33,38,43,26,30,35],
[54,67,80,85,101,74,97,20,27,61,74,84,9,11,14,70,70,72,46,48,51],
[21,21,10,11,14,14,20,21,24,28,37,45,51,63,69,5,7,8,11,14,16],
[34,38,23,25,28,77,97,44,49,80,96,113,17,18,20,80,103,103,4,5,5],
[57,63,42,61,73,63,71,7,7,80,83,94,15,16,18,44,44,47,71,83,98],
[38,56,92,100,104,70,72,29,31,5,6,6,16,17,18,19,23,23,19,22,23],
[88,97,50,59,65,83,115,104,113,25,25,32,40,41,42,45,47,50,17,24,27],
[12,14,90,94,100,45,67,60,74,29,30,31,19,20,29,80,90,102,72,73,82],
[95,98,73,84,109,49,73,83,91,47,51,90,19,23,28,33,36,39,43,49,51],
[55,56,23,40,41,27,30,22,23,46,53,59,28,31,37,105,111,112,2,2,2],
[70,83,29,30,32,75,90,87,88,34,38,41,40,46,59,40,42,43,75,86,92],
[44,48,44,45,46,9,13,85,98,10,12,13,89,92,92,36,40,46,63,63,71],
[78,94,37,48,66,3,3,51,75,53,59,67,82,83,86,37,43,44,86,88,107],
[6,7,41,53,57,77,94,19,23,86,91,92,87,91,93,10,13,13,90,98,100],
[53,56,63,82,89,18,21,47,65,50,73,80,29,38,39,21,21,24,31,39,43],
[57,62,62,64,67,95,114,67,99,49,85,91,6,6,7,8,9,10,3,4,4],
[5,6,85,92,93,80,100,7,8,81,98,100,39,48,52,50,54,58,24,27,33],
[9,10,14,14,19,4,7,86,94,12,12,13,63,73,89,69,76,78,68,91,97],
[24,28,14,16,18,11,13,7,7,52,54,75,70,71,74,90,93,115,81,88,97]
];
OpDue = [965,479,923,380,819,847,625,993,899,1006,674,978,805,961,903,741,811,829,735,762];
