nbJobs =50;
nbStages =2;
nbMach =[0,2,2];
nbWork =[0,2,2];
B=10000;
OpDurations = [
[84,109,64,77],
[17,22,69,74],
[1,1,43,60],
[91,106,28,32],
[83,83,18,24],
[9,9,19,19],
[85,88,36,40],
[40,44,30,40],
[29,35,83,88],
[15,20,54,57],
[6,7,77,93],
[64,69,4,6],
[13,15,27,30],
[69,71,33,52],
[22,39,48,51],
[43,55,44,46],
[12,19,85,93],
[32,37,32,41],
[24,28,7,10],
[26,32,13,14],
[45,53,55,62],
[30,32,29,41],
[79,101,50,68],
[61,64,51,58],
[66,66,86,102],
[18,23,82,111],
[14,16,30,39],
[48,53,25,30],
[52,64,18,23],
[81,86,42,44],
[75,96,73,87],
[74,91,13,16],
[39,43,68,98],
[84,98,77,77],
[4,5,28,38],
[15,21,78,88],
[65,78,15,19],
[91,97,30,38],
[51,63,63,91],
[30,35,69,72],
[6,12,26,26],
[55,68,13,20],
[48,50,77,90],
[103,110,29,30],
[1,1,2,2],
[74,86,3,3],
[108,118,66,73],
[73,75,93,95],
[51,54,70,73],
[17,23,6,8]
];
OpDue = [1002,546,315,771,624,168,747,462,705,438,549,429,255,675,480,564,627,426,207,255,645,396,894,702,960,702,297,468,471,759,993,582,744,1008,225,606,531,768,804,618,210,468,795,816,18,498,1095,1008,744,162];
