nbJobs =100;
nbStages =2;
nbMach =[0,2,2];
nbWork =[0,2,2];
B=10000;
OpDurations = [
[3,3,70,80],
[74,95,15,18],
[77,89,24,32],
[14,19,69,69],
[31,32,6,7],
[18,20,40,96],
[16,19,40,58],
[52,63,39,50],
[34,36,22,24],
[68,85,17,19],
[35,42,53,60],
[59,73,70,90],
[108,113,10,15],
[77,105,32,51],
[36,44,7,8],
[81,99,54,70],
[67,83,13,13],
[51,71,86,93],
[84,88,7,8],
[14,21,2,2],
[59,80,15,17],
[6,8,14,15],
[45,64,47,54],
[48,50,22,28],
[19,26,2,2],
[77,124,80,83],
[18,19,32,36],
[41,53,79,89],
[53,57,46,48],
[87,91,88,93],
[20,26,17,23],
[79,91,26,28],
[46,69,45,48],
[59,69,58,69],
[1,1,73,77],
[26,29,56,101],
[13,22,50,76],
[81,91,82,90],
[92,106,80,95],
[44,47,63,67],
[55,79,52,57],
[25,34,4,5],
[75,94,44,65],
[18,25,31,31],
[19,21,45,47],
[63,68,93,99],
[20,23,71,81],
[52,64,20,29],
[42,50,81,102],
[73,79,18,20],
[62,64,85,112],
[14,15,94,100],
[48,64,68,72],
[54,82,15,25],
[61,61,60,67],
[11,12,60,81],
[46,50,9,14],
[4,7,72,72],
[6,6,51,60],
[45,50,26,27],
[15,17,63,88],
[3,3,24,27],
[34,44,39,45],
[28,43,74,87],
[51,64,14,15],
[43,50,60,74],
[17,19,71,104],
[3,3,9,12],
[48,62,53,66],
[59,73,12,13],
[53,64,100,100],
[48,74,23,29],
[20,22,77,97],
[66,82,15,17],
[51,53,18,21],
[61,74,94,102],
[41,52,27,35],
[55,87,52,56],
[53,62,60,67],
[92,102,97,102],
[4,4,91,129],
[58,67,71,93],
[78,78,68,80],
[3,3,7,7],
[86,103,37,43],
[84,87,48,63],
[46,48,86,101],
[19,19,43,49],
[75,103,8,12],
[48,49,58,70],
[51,56,52,52],
[65,90,1,1],
[12,15,51,58],
[46,50,49,57],
[47,58,77,87],
[27,37,57,61],
[4,5,12,16],
[19,21,64,73],
[110,113,15,17],
[99,101,71,75]
];
OpDue = [702,909,999,770,342,783,599,918,522,851,855,1314,1107,1193,428,1368,792,1355,842,176,770,194,945,666,221,1638,473,1179,918,1616,387,1008,936,1148,684,954,725,1548,1679,995,1094,306,1251,473,594,1454,878,743,1238,855,1454,1004,1134,792,1121,738,536,698,554,666,824,257,729,1044,648,1022,950,122,1031,707,1427,783,972,810,644,1490,698,1125,1089,1769,1026,1301,1368,90,1211,1269,1265,585,891,1013,950,707,612,909,1211,819,167,797,1148,1557];
