nbJobs =100;
nbStages =2;
nbMach =[0,2,3];
nbWork =[0,2,2];
B=10000;
OpDurations = [
[50,54,20,21,21],
[31,40,53,63,64],
[25,28,22,24,27],
[65,90,8,9,13],
[69,77,3,3,3],
[65,73,27,28,40],
[38,39,36,46,46],
[28,28,27,30,32],
[39,61,79,95,98],
[73,85,59,75,81],
[39,45,36,52,81],
[17,19,21,24,24],
[74,75,50,72,75],
[92,98,52,55,61],
[66,95,58,69,69],
[45,56,72,79,91],
[8,8,60,80,80],
[8,11,20,23,23],
[98,109,94,99,100],
[39,88,14,16,20],
[22,37,18,22,23],
[62,69,39,44,53],
[66,74,55,62,63],
[87,89,70,74,87],
[12,14,59,60,65],
[45,52,67,69,98],
[79,92,46,56,61],
[48,51,59,64,75],
[3,3,22,26,29],
[94,97,80,103,105],
[80,82,49,52,52],
[10,10,2,2,2],
[22,26,28,39,46],
[57,72,86,87,94],
[51,56,61,62,71],
[57,59,68,70,76],
[22,26,22,22,25],
[31,42,68,84,90],
[24,25,59,61,88],
[54,61,35,38,40],
[78,80,43,46,49],
[49,49,28,42,46],
[22,29,22,23,28],
[35,38,40,54,54],
[94,94,8,8,8],
[4,5,42,42,55],
[54,65,70,78,78],
[64,65,40,53,63],
[46,67,18,23,30],
[51,54,73,76,86],
[61,72,1,1,1],
[33,38,69,77,84],
[54,71,64,70,70],
[44,49,1,1,1],
[20,21,44,47,49],
[40,51,82,108,109],
[8,8,24,24,25],
[15,15,35,37,44],
[79,95,49,50,72],
[78,79,63,66,82],
[14,25,7,8,9],
[78,85,35,35,46],
[21,23,30,30,35],
[44,50,14,15,15],
[42,42,59,67,84],
[70,71,56,72,78],
[18,23,79,88,92],
[51,52,88,91,96],
[45,53,51,84,94],
[25,52,58,69,78],
[50,64,33,34,49],
[77,78,19,20,24],
[30,31,64,87,93],
[21,22,25,39,39],
[20,24,67,83,86],
[3,4,65,73,82],
[87,97,55,59,63],
[58,70,55,60,90],
[18,19,91,99,117],
[6,6,24,30,32],
[79,82,86,109,121],
[68,109,52,61,73],
[42,52,21,28,28],
[65,81,71,90,99],
[71,82,9,10,10],
[60,68,83,94,94],
[66,85,88,96,104],
[64,69,3,5,6],
[42,47,14,16,18],
[56,57,41,50,54],
[65,88,61,62,74],
[43,54,44,61,63],
[24,26,61,70,88],
[61,89,82,114,115],
[64,82,26,32,33],
[30,35,80,84,88],
[95,114,9,9,11],
[13,21,24,26,30],
[2,2,14,15,16],
[73,85,34,42,50]
];
OpDue = [654,860,457,788,684,906,730,519,1266,1356,885,369,1262,1359,1312,1181,732,284,1811,722,455,998,1170,1485,669,1139,1259,1040,258,1724,1188,108,555,1382,1064,1164,423,1055,845,856,1125,789,448,773,918,458,1213,1049,722,1177,608,1010,1175,428,604,1307,291,483,1296,1339,248,1082,483,555,1008,1253,962,1289,1128,962,861,887,1007,503,906,692,1359,1191,1088,312,1672,1355,654,1437,776,1389,1544,641,545,944,1280,941,882,1608,930,1049,1028,393,153,1089];
