nbJobs =20;
nbStages =2;
nbMach =[0,3,2];
nbWork =[0,2,2];
B=10000;
OpDurations = [
[21,21,23,44,46],
[1,1,1,41,60],
[47,60,61,68,96],
[85,87,88,34,43],
[27,34,34,84,84],
[8,8,9,15,15],
[39,62,68,77,78],
[7,8,8,51,52],
[100,102,108,86,93],
[9,10,12,82,89],
[36,36,37,23,28],
[8,10,13,73,82],
[77,81,96,67,69],
[65,73,85,48,84],
[57,59,78,15,16],
[26,34,39,41,50],
[73,86,89,72,78],
[56,72,89,32,34],
[13,14,15,61,85],
[17,17,20,50,91]
];
OpDue = [267,206,552,501,463,93,535,237,771,383,247,351,611,561,321,314,631,421,348,354];
