nbJobs =50;
nbStages =2;
nbMach =[0,3,2];
nbWork =[0,2,2];
B=10000;
OpDurations = [
[12,14,16,20,23],
[27,33,34,13,13],
[73,77,78,30,45],
[55,58,68,38,44],
[82,83,94,1,1],
[52,56,64,92,110],
[50,54,66,15,17],
[56,65,66,36,56],
[65,95,110,51,54],
[5,8,8,31,36],
[31,31,32,22,25],
[7,12,15,21,29],
[56,77,92,69,79],
[74,95,103,25,25],
[40,43,57,44,52],
[60,64,65,6,7],
[41,43,44,63,95],
[91,92,104,29,31],
[55,66,70,59,63],
[72,77,83,6,7],
[1,1,1,6,6],
[48,67,79,8,10],
[44,60,63,96,111],
[28,29,31,31,34],
[76,80,84,86,95],
[29,36,37,71,95],
[69,78,85,35,37],
[20,21,24,60,70],
[26,29,34,59,60],
[43,46,52,75,75],
[59,78,95,47,60],
[89,95,105,46,47],
[29,29,30,60,61],
[63,68,80,67,69],
[20,22,26,108,109],
[93,101,118,75,87],
[5,7,8,68,87],
[51,59,65,7,7],
[31,32,38,50,63],
[51,78,94,33,40],
[33,38,39,22,31],
[80,89,106,67,74],
[75,76,104,83,94],
[61,66,69,52,53],
[23,52,63,87,88],
[88,92,110,41,43],
[3,3,3,32,42],
[8,9,9,106,111],
[66,95,115,70,97],
[41,41,41,20,22]
];
OpDue = [213,266,681,608,524,950,436,650,855,243,329,218,894,694,568,417,730,754,748,503,42,442,955,371,1023,702,680,520,535,732,785,857,539,830,787,1110,505,392,541,665,379,973,1041,707,801,832,240,703,1053,372];
