nbJobs =20;
nbStages =8;
nbMach =[0,2,3,3,3,3,2,3,3];
nbWork =[0,2,2,2,2,2,2,2,2];
B=10000;
OpDurations = [
[33,52,51,60,68,70,81,95,14,18,19,50,65,74,86,106,61,84,94,21,22,23],
[65,76,73,92,109,20,21,21,23,27,29,45,50,59,23,35,22,23,23,6,6,8],
[40,42,81,83,86,86,91,96,40,44,45,68,75,80,73,81,75,80,94,18,18,26],
[53,80,58,60,75,86,87,107,57,65,71,26,40,41,44,53,32,38,38,52,54,61],
[43,52,55,57,61,41,45,50,63,76,78,18,19,21,36,60,6,7,9,44,44,54],
[58,61,15,16,22,17,24,29,22,34,38,56,63,69,52,59,41,43,44,49,59,76],
[80,112,6,9,15,36,40,43,29,36,38,60,73,81,64,74,36,37,54,75,77,93],
[42,47,30,33,36,94,108,114,8,9,10,22,23,28,16,16,61,81,82,3,4,6],
[69,77,76,85,95,58,66,80,26,33,41,34,35,35,16,22,18,20,24,39,43,50],
[59,66,15,19,19,23,25,27,19,21,23,24,32,35,48,68,74,91,104,68,89,95],
[74,100,5,5,7,18,26,31,3,3,3,56,64,89,19,20,15,22,24,52,62,75],
[13,15,18,20,22,23,27,29,63,73,98,60,67,91,41,51,21,28,29,16,19,21],
[82,114,15,20,22,52,71,78,54,60,90,58,60,65,82,85,16,20,20,67,69,77],
[81,87,68,72,89,56,59,72,4,6,6,42,44,54,10,10,22,29,30,36,48,58],
[3,4,77,80,102,17,18,20,43,44,53,34,37,37,10,13,71,71,76,37,38,44],
[90,93,74,87,97,61,61,72,70,75,78,66,73,75,106,108,16,22,24,55,59,59],
[2,2,11,14,15,54,73,80,67,69,69,62,70,79,44,61,61,61,73,33,33,38],
[85,95,43,46,52,5,5,6,54,63,69,73,77,85,96,98,80,89,89,82,85,101],
[57,68,43,58,64,50,70,80,79,97,119,71,76,91,76,82,58,62,64,27,28,30],
[18,20,6,6,7,57,59,62,38,45,45,7,9,9,7,7,58,65,73,26,27,33]
];
OpDue = [924,637,1027,929,690,708,889,622,756,776,586,603,972,718,629,1146,750,1110,1061,473];
