nbJobs =50;
nbStages =2;
nbMach =[0,2,3];
nbWork =[0,2,2];
B=10000;
OpDurations = [
[34,39,26,35,38],
[30,34,1,1,1],
[42,47,84,108,109],
[6,7,11,11,13],
[19,20,27,27,28],
[21,22,17,21,24],
[81,119,28,34,36],
[103,118,85,89,98],
[22,23,11,13,14],
[67,87,61,74,88],
[69,109,27,28,28],
[73,75,27,29,31],
[64,76,86,93,107],
[46,58,50,53,68],
[46,50,88,94,110],
[52,62,22,22,25],
[98,109,33,34,42],
[68,114,46,59,62],
[36,48,31,31,33],
[46,55,75,97,104],
[61,74,7,8,8],
[11,13,79,97,100],
[66,66,7,7,7],
[24,26,42,47,57],
[61,81,69,83,91],
[77,97,87,94,131],
[45,64,82,92,96],
[43,45,43,45,50],
[3,3,13,14,17],
[54,68,69,71,75],
[23,24,64,69,77],
[22,25,40,40,52],
[27,36,32,43,55],
[36,37,11,15,17],
[48,78,35,43,46],
[57,95,44,61,76],
[41,43,60,66,85],
[52,52,54,62,62],
[23,30,27,28,29],
[10,10,82,87,98],
[38,64,75,79,97],
[24,29,52,59,60],
[29,36,35,40,49],
[53,54,10,13,13],
[64,70,62,73,109],
[101,115,74,77,83],
[27,29,10,14,14],
[14,16,50,60,63],
[59,70,67,75,87],
[67,80,13,14,16]
];
OpDue = [417,198,869,109,281,253,796,1207,211,908,700,618,992,654,872,480,839,880,442,855,451,624,438,442,912,1146,867,540,106,796,561,405,449,305,626,818,674,668,327,594,808,501,443,393,890,1116,244,436,845,527];
