nbJobs =20;
nbStages =5;
nbMach =[0,3,3,2,3,3];
nbWork =[0,2,2,2,2,2];
B=10000;
OpDurations = [
[69,80,83,53,57,75,1,1,19,19,25,10,10,13],
[37,41,46,91,91,106,43,47,54,75,75,68,74,77],
[42,43,44,50,53,64,99,111,33,35,42,72,76,86],
[71,71,78,25,38,45,49,68,57,90,111,31,31,33],
[65,93,102,33,36,38,2,2,35,38,38,10,11,12],
[49,49,68,16,18,21,39,48,16,16,16,63,88,100],
[50,68,71,7,10,12,27,32,82,82,118,66,70,74],
[72,91,97,88,91,95,32,38,17,19,24,22,27,27],
[53,87,113,69,72,73,24,28,69,80,95,1,1,1],
[31,43,48,78,85,130,19,19,65,66,82,56,71,75],
[88,89,107,11,14,20,16,18,88,104,112,82,95,97],
[76,91,95,45,47,48,73,75,24,26,26,2,2,2],
[19,28,29,47,71,76,28,43,46,50,63,59,68,69],
[17,19,23,76,82,87,61,80,60,63,70,97,108,113],
[77,90,112,27,28,33,44,60,6,7,7,84,96,99],
[44,50,58,4,6,7,19,20,27,29,33,82,104,114],
[31,34,37,43,45,55,79,132,76,80,101,85,86,87],
[5,6,6,65,76,98,83,92,8,9,9,38,40,45],
[65,71,74,85,85,117,15,17,88,93,113,6,8,9],
[51,56,61,57,92,92,47,54,40,46,47,3,3,4]
];
OpDue = [516,970,955,857,517,651,799,775,792,887,958,706,732,1027,822,617,1077,668,862,704];
