nbJobs =20;
nbStages =5;
nbMach =[0,3,3,3,3,2];
nbWork =[0,2,2,2,2,2];
B=10000;
OpDurations = [
[40,40,54,49,57,62,3,3,3,55,57,65,38,43],
[32,38,58,66,76,76,1,1,1,19,22,22,15,17],
[61,76,86,44,46,48,44,57,65,20,22,28,34,44],
[46,47,54,18,26,30,85,100,101,42,59,67,47,48],
[41,103,116,55,59,64,30,34,34,61,66,81,81,85],
[7,9,10,66,104,105,66,75,76,48,51,52,15,15],
[35,39,41,29,30,32,51,54,77,48,49,50,90,95],
[20,26,30,80,91,93,45,64,70,48,52,55,31,35],
[62,69,77,86,90,110,66,68,73,19,21,24,77,90],
[78,78,86,54,56,64,34,41,48,17,20,23,34,40],
[52,55,82,54,57,65,42,49,56,50,64,79,77,84],
[37,40,52,2,2,2,52,64,75,72,82,95,49,50],
[65,101,113,12,16,20,75,83,100,8,10,11,38,42],
[55,59,63,24,25,30,31,35,36,6,7,7,67,108],
[14,19,22,44,54,68,86,90,105,30,32,40,88,91],
[44,44,46,35,41,44,46,50,66,48,54,64,59,80],
[75,95,112,69,81,81,53,68,76,36,39,42,9,12],
[11,13,16,26,28,34,9,13,14,34,34,45,90,95],
[11,11,13,55,76,89,51,54,55,53,53,63,33,54],
[19,23,24,3,4,6,32,42,47,40,47,55,61,92]
];
OpDue = [610,460,714,818,993,714,813,773,1016,710,947,724,734,641,873,791,859,555,715,572];
