nbJobs =100;
nbStages =2;
nbMach =[0,2,2];
nbWork =[0,2,2];
B=10000;
OpDurations = [
[75,98,3,3],
[18,25,28,30],
[72,101,66,68],
[9,10,39,46],
[18,19,51,53],
[33,37,83,87],
[20,26,18,22],
[62,67,12,16],
[50,57,14,16],
[2,2,17,22],
[62,65,58,73],
[63,78,14,18],
[43,54,51,56],
[65,72,78,94],
[58,63,73,74],
[27,31,50,54],
[93,95,74,93],
[41,44,7,7],
[31,34,5,6],
[63,64,95,109],
[32,34,21,25],
[82,110,9,9],
[46,56,12,13],
[40,41,18,20],
[51,64,60,61],
[9,11,53,53],
[74,77,51,67],
[29,38,18,20],
[22,27,25,31],
[60,83,91,92],
[11,16,56,82],
[41,44,93,97],
[37,41,3,3],
[77,97,23,27],
[60,73,78,89],
[87,103,19,19],
[89,102,94,102],
[53,65,7,9],
[40,49,72,72],
[86,96,22,25],
[68,101,44,56],
[74,85,93,93],
[45,51,25,40],
[109,127,12,16],
[45,55,77,107],
[57,71,1,1],
[25,30,50,50],
[9,11,41,45],
[85,92,23,23],
[53,56,17,19],
[40,42,7,8],
[58,76,76,91],
[79,90,86,98],
[86,94,34,45],
[21,27,20,22],
[89,107,62,63],
[70,97,7,8],
[6,7,8,9],
[55,80,69,69],
[62,69,16,21],
[16,17,38,39],
[15,19,64,80],
[73,82,51,71],
[32,36,53,65],
[17,18,7,13],
[16,23,61,92],
[75,83,4,6],
[8,8,102,104],
[76,90,29,42],
[53,75,3,3],
[26,29,64,66],
[25,25,8,9],
[24,31,46,55],
[40,55,79,88],
[68,74,10,10],
[2,2,15,18],
[20,27,71,105],
[67,98,55,78],
[70,81,7,8],
[81,87,56,66],
[14,18,23,24],
[55,76,12,13],
[36,43,76,80],
[59,65,25,28],
[25,30,37,40],
[64,75,50,51],
[7,8,61,61],
[39,54,62,70],
[79,90,33,39],
[82,89,7,10],
[72,101,4,5],
[24,36,54,75],
[36,51,33,50],
[83,121,7,10],
[13,15,53,60],
[49,56,18,19],
[86,88,92,110],
[63,76,40,50],
[9,9,45,48],
[33,39,52,73]
];
OpDue = [806,455,1382,468,635,1080,387,707,617,194,1161,779,918,1391,1206,729,1598,446,342,1490,504,945,572,536,1062,567,1211,473,473,1467,743,1238,378,1008,1350,1026,1742,603,1049,1031,1211,1553,725,1188,1278,585,698,477,1004,653,437,1355,1589,1166,405,1445,819,135,1229,756,495,801,1247,837,248,864,756,999,1067,603,833,302,702,1179,729,167,1004,1341,747,1305,356,702,1058,797,594,1080,617,1013,1085,846,819,851,765,995,635,639,1692,1031,500,887];
