nbJobs =20;
nbStages =5;
nbMach =[0,2,3,2,2,3];
nbWork =[0,2,2,2,2,2];
B=10000;
OpDurations = [
[15,17,14,14,14,40,41,36,36,53,56,68],
[74,92,25,30,32,24,27,31,48,3,3,3],
[51,69,25,25,26,21,25,63,75,49,54,63],
[67,81,8,9,10,90,98,58,65,58,63,64],
[56,72,83,89,90,49,60,45,48,39,45,51],
[17,18,3,3,3,70,71,35,44,10,12,14],
[23,28,24,26,29,48,65,50,65,50,75,88],
[15,17,93,95,101,78,95,51,67,12,13,13],
[99,106,29,30,35,1,1,33,38,11,11,17],
[34,48,14,17,17,35,37,2,2,4,5,6],
[22,25,56,58,67,15,17,35,37,62,92,94],
[33,37,68,76,77,8,9,55,82,40,44,47],
[2,2,66,74,101,80,106,25,29,50,65,71],
[4,6,47,50,78,19,23,116,119,35,37,39],
[81,83,4,5,6,90,97,21,24,50,57,57],
[6,8,43,54,74,73,80,47,49,83,91,115],
[47,86,27,32,34,37,39,68,81,79,107,109],
[84,92,62,67,86,55,70,49,54,47,60,65],
[72,98,75,81,86,70,89,61,82,55,64,68],
[49,52,50,51,63,46,47,63,63,84,95,109]
];
OpDue = [497,540,698,901,892,428,711,812,550,300,656,688,793,717,773,855,925,993,1137,932];
