nbJobs =20;
nbStages =8;
nbMach =[0,3,2,3,3,2,2,2,3];
nbWork =[0,2,2,2,2,2,2,2,2];
B=10000;
OpDurations = [
[1,1,1,100,100,85,95,106,56,59,69,11,22,54,106,4,7,28,31,35],
[81,97,107,78,91,68,76,89,18,20,24,65,75,21,34,80,89,36,41,46],
[17,20,23,19,20,18,21,25,20,21,22,76,90,15,17,56,73,27,32,41],
[51,55,57,63,75,3,3,3,74,76,89,33,40,47,54,31,33,38,38,45],
[6,6,7,45,52,77,88,94,6,7,7,13,15,15,36,29,32,48,50,53],
[28,32,34,6,6,65,83,98,29,30,30,24,28,29,29,79,122,11,13,15],
[65,67,71,68,79,83,84,88,59,65,68,13,15,15,23,67,69,61,78,99],
[9,11,11,16,31,66,79,83,54,57,87,43,47,106,111,26,30,28,31,39],
[58,68,69,57,75,23,28,28,14,15,16,68,112,91,102,28,37,8,9,9],
[81,87,108,77,89,43,54,63,81,102,106,97,110,65,81,32,53,66,67,68],
[26,32,32,26,27,54,59,63,57,84,92,28,40,69,80,75,75,37,40,41],
[66,69,79,12,15,60,65,70,8,11,12,48,51,13,14,55,73,81,96,104],
[23,29,29,77,78,33,37,39,62,72,72,1,1,86,95,46,47,5,6,8],
[15,15,15,13,17,14,15,19,13,14,15,49,51,61,68,35,38,3,3,3],
[92,96,109,68,80,47,52,54,78,86,87,40,49,27,27,23,24,3,5,5],
[18,21,23,10,10,73,94,116,48,49,65,28,34,25,30,66,72,87,87,88],
[7,11,13,14,19,75,81,108,39,45,57,85,126,12,15,65,70,29,38,38],
[58,61,64,26,31,19,21,24,43,46,49,17,18,62,62,86,97,2,2,2],
[59,75,80,74,89,45,55,65,25,26,32,48,62,22,27,47,62,58,59,64],
[48,49,52,13,13,29,30,31,39,42,44,59,79,36,43,84,96,52,57,68]
];
OpDue = [782,1002,557,731,536,635,941,780,800,1221,831,762,708,428,814,788,767,660,860,784];
