nbJobs =20;
nbStages =5;
nbMach =[0,2,3,3,3,3];
nbWork =[0,2,2,2,2,2];
B=10000;
OpDurations = [
[49,55,58,60,76,67,69,75,36,37,51,28,38,43],
[9,12,86,98,101,33,41,46,44,57,61,4,5,6],
[35,36,40,45,59,95,98,103,83,98,109,44,46,51],
[77,105,47,58,64,79,90,108,40,53,56,51,53,57],
[7,7,22,34,38,29,30,31,22,26,32,33,36,38],
[18,24,17,25,30,42,44,57,35,37,45,96,103,124],
[53,60,30,32,37,85,96,112,14,14,16,75,76,105],
[85,107,16,19,24,18,18,19,3,3,3,40,42,51],
[5,6,49,64,65,56,56,57,82,85,95,8,9,9],
[29,34,26,30,31,48,55,56,3,3,5,54,55,63],
[61,62,19,20,21,58,62,71,39,43,55,33,41,48],
[63,86,55,66,70,24,27,33,70,71,91,62,75,79],
[21,31,35,50,58,40,44,44,26,31,36,36,45,47],
[24,33,34,35,39,63,88,89,39,58,62,81,93,96],
[65,73,91,92,95,52,91,102,58,60,62,41,44,46],
[53,69,79,90,93,17,18,23,47,50,56,6,7,8],
[17,20,49,52,58,32,36,42,40,40,54,69,70,71],
[16,16,54,56,70,56,60,76,1,1,1,46,63,71],
[38,39,20,22,24,67,69,81,39,48,50,19,19,27],
[2,2,20,30,36,5,6,7,14,18,21,11,12,14]
];
OpDue = [794,614,978,1029,392,718,862,544,652,524,694,947,570,863,1041,677,669,603,600,200];
