nbJobs =10;
nbStages =5;
nbMach =[0,2,2,2,3,3];
nbWork =[0,2,2,2,2,2];
B=10000;
OpDurations = [
[59,68,49,53,30,31,69,69,98,9,9,10],
[88,131,6,7,76,100,22,23,25,1,1,1],
[11,14,32,36,51,53,70,75,91,67,72,87],
[9,9,27,28,57,69,15,15,20,50,51,74],
[17,19,13,13,28,32,79,83,103,75,83,85],
[17,20,69,103,47,62,19,23,24,68,69,73],
[38,53,78,86,29,30,42,51,51,87,88,92],
[1,1,21,26,5,5,20,24,25,62,63,67],
[41,75,74,74,25,30,74,81,83,32,43,47],
[70,84,9,13,32,35,78,96,111,34,38,38]
];
OpDue = [466,457,505,349,461,502,588,233,559,506];
