nbJobs =10;
nbStages =8;
nbMach =[0,2,2,2,2,2,3,2,2];
nbWork =[0,2,2,2,2,2,2,2,2];
B=10000;
OpDurations = [
[55,67,48,58,6,9,20,22,13,15,16,18,18,82,83,54,55],
[50,50,33,34,67,75,6,8,7,7,44,48,48,1,1,4,4],
[21,24,41,58,81,92,56,85,83,103,5,6,6,105,116,106,116],
[16,20,38,48,30,37,22,29,47,53,5,5,5,27,55,8,9],
[3,5,21,23,55,58,47,56,17,24,42,43,49,45,49,56,57],
[19,24,8,9,50,52,60,64,59,68,22,23,29,18,29,59,87],
[76,99,12,14,52,66,22,27,102,119,63,64,85,50,62,77,82],
[44,45,48,76,17,20,80,85,58,70,41,45,56,29,34,94,115],
[42,45,69,76,41,46,32,39,75,92,26,30,33,28,36,4,5],
[49,51,52,63,2,2,2,2,10,11,58,85,107,82,94,65,81]
];
OpDue = [311,220,549,225,303,328,501,455,345,366];
