nbJobs =100;
nbStages =2;
nbMach =[0,2,2];
nbWork =[0,2,2];
B=10000;
OpDurations = [
[66,91,86,107],
[71,98,20,23],
[89,99,92,102],
[50,64,100,101],
[54,57,20,21],
[85,110,40,51],
[7,7,48,63],
[53,54,40,51],
[21,22,16,16],
[61,64,34,36],
[25,36,45,58],
[80,86,29,30],
[37,47,11,14],
[48,61,70,70],
[90,138,6,8],
[56,72,61,75],
[58,78,19,22],
[22,25,85,111],
[73,92,28,38],
[23,33,6,8],
[1,1,22,32],
[81,96,34,39],
[42,45,39,46],
[55,64,48,57],
[20,21,28,31],
[50,51,13,22],
[72,75,16,30],
[62,66,21,22],
[26,37,49,54],
[69,75,38,40],
[25,27,106,124],
[43,52,94,96],
[95,103,67,101],
[36,38,10,13],
[22,27,80,108],
[46,57,20,21],
[66,72,22,27],
[72,95,7,8],
[32,32,11,18],
[77,85,36,51],
[7,10,31,41],
[48,52,53,54],
[72,74,87,105],
[31,34,42,64],
[59,60,28,34],
[4,6,32,40],
[35,40,3,3],
[94,107,73,84],
[27,45,53,56],
[25,35,63,77],
[48,54,70,87],
[2,5,33,39],
[76,95,21,36],
[85,85,25,29],
[19,23,10,15],
[34,34,59,67],
[27,31,33,42],
[41,44,59,65],
[8,8,76,107],
[50,78,74,83],
[34,43,93,103],
[118,121,45,61],
[14,15,56,60],
[94,95,5,6],
[53,63,67,81],
[67,73,20,26],
[16,21,55,75],
[20,21,67,73],
[58,59,6,7],
[5,5,34,40],
[42,49,12,21],
[1,1,34,40],
[99,100,15,15],
[78,85,52,60],
[59,62,85,92],
[56,66,53,54],
[4,5,53,66],
[51,52,59,63],
[36,43,44,55],
[63,69,24,33],
[98,106,109,109],
[19,29,40,48],
[65,68,79,95],
[85,92,71,72],
[24,25,6,7],
[74,85,48,84],
[3,6,69,72],
[16,18,63,71],
[2,2,77,90],
[100,101,91,95],
[16,20,70,91],
[4,6,62,68],
[5,6,55,60],
[64,71,79,87],
[5,8,24,27],
[95,101,75,80],
[85,90,74,103],
[34,37,43,58],
[20,24,2,2],
[7,8,36,40]
];
OpDue = [1575,954,1719,1418,684,1287,563,891,338,878,738,1013,491,1121,1089,1188,797,1094,1040,315,252,1125,774,1008,450,612,869,770,747,999,1269,1283,1647,437,1067,648,842,819,419,1121,401,932,1521,770,815,369,365,1611,815,900,1166,356,1026,1008,302,873,599,941,896,1283,1229,1553,653,900,1188,837,752,815,585,378,558,342,1031,1238,1341,1031,576,1013,801,851,1899,612,1382,1440,279,1310,675,756,770,1742,887,630,567,1355,288,1580,1584,774,216,410];
