nbJobs =10;
nbStages =5;
nbMach =[0,3,3,3,2,2];
nbWork =[0,2,2,2,2,2];
B=10000;
OpDurations = [
[22,38,40,8,9,10,74,76,84,68,75,8,9],
[15,18,22,15,17,22,9,11,14,63,84,52,100],
[82,87,104,69,76,81,39,50,53,17,22,31,32],
[34,52,60,7,8,8,36,38,40,1,1,79,97],
[16,18,19,20,21,24,81,85,113,57,71,73,101],
[51,53,70,6,7,8,33,38,44,28,31,15,17],
[28,31,40,64,68,73,47,47,61,85,100,27,27],
[1,1,1,52,54,65,4,5,5,18,20,85,86],
[17,19,22,31,33,38,11,14,15,78,105,52,54],
[29,40,46,76,79,102,46,48,49,18,22,68,74]
];
OpDue = [401,394,529,367,567,298,545,334,422,525];
