nbJobs =50;
nbStages =2;
nbMach =[0,2,2];
nbWork =[0,2,2];
B=10000;
OpDurations = [
[30,36,51,56],
[23,29,45,59],
[99,101,39,51],
[52,78,70,73],
[40,42,90,104],
[50,73,4,4],
[3,3,85,89],
[3,3,57,61],
[27,32,62,112],
[66,68,60,72],
[76,104,23,36],
[16,21,15,19],
[33,43,59,59],
[14,16,80,81],
[21,28,69,74],
[32,37,56,62],
[37,49,4,4],
[83,91,32,36],
[46,55,81,88],
[73,95,14,15],
[40,58,10,11],
[20,21,65,69],
[36,36,15,23],
[39,41,66,85],
[80,83,27,34],
[2,2,3,3],
[6,8,79,82],
[98,112,68,81],
[20,27,3,5],
[16,18,1,1],
[25,26,55,56],
[13,19,36,42],
[110,117,71,93],
[28,28,75,91],
[15,18,64,68],
[109,114,58,63],
[67,81,69,93],
[51,88,58,70],
[16,20,79,97],
[17,18,57,79],
[80,109,1,1],
[23,33,1,1],
[58,64,5,6],
[15,18,28,28],
[34,42,65,101],
[30,30,65,68],
[61,77,11,12],
[60,69,33,34],
[9,9,28,29],
[73,104,98,133]
];
OpDue = [519,468,870,819,828,393,540,372,699,798,717,213,582,573,576,561,282,726,810,591,357,525,330,693,672,30,525,1077,165,108,486,330,1173,666,495,1032,930,801,636,513,573,174,399,267,726,579,483,588,225,1224];
