nbJobs =10;
nbStages =8;
nbMach =[0,2,3,3,2,2,3,2,2];
nbWork =[0,2,2,2,2,2,2,2,2];
B=10000;
OpDurations = [
[43,59,59,71,88,95,100,106,32,42,69,69,18,20,21,80,124,9,13],
[48,51,33,43,47,78,87,99,56,76,34,39,32,35,43,36,38,8,9],
[18,18,9,10,11,13,14,15,15,15,57,86,23,25,31,75,78,14,17],
[63,94,36,38,42,13,15,16,87,91,39,47,57,72,76,76,82,21,23],
[83,95,71,78,82,56,57,77,56,69,17,22,21,22,24,44,46,62,95],
[41,57,1,1,1,66,69,75,22,33,4,6,3,4,5,72,77,77,104],
[10,13,22,22,24,17,17,17,35,39,52,64,34,44,44,18,20,26,29],
[57,73,55,77,81,42,47,51,52,67,15,15,42,51,69,80,80,14,14],
[51,63,34,36,37,26,32,36,37,37,26,41,17,18,18,53,69,22,24],
[39,48,56,60,63,101,109,123,76,81,16,18,12,19,20,79,80,84,98]
];
OpDue = [463,363,247,433,457,322,233,405,296,497];
