nbJobs =20;
nbStages =2;
nbMach =[0,2,3];
nbWork =[0,2,2];
B=10000;
OpDurations = [
[66,85,4,6,6],
[63,71,45,48,50],
[81,101,74,74,83],
[59,71,66,74,82],
[12,14,34,34,38],
[79,79,48,49,58],
[82,100,52,62,71],
[9,9,46,57,84],
[30,38,108,113,120],
[31,74,4,4,5],
[75,79,76,84,89],
[15,21,45,46,58],
[82,87,8,9,10],
[76,86,7,10,10],
[4,5,53,64,70],
[50,72,30,32,35],
[57,63,61,91,104],
[8,12,48,55,59],
[1,1,37,40,42],
[39,53,12,13,15]
];
OpDue = [323,459,672,556,193,523,611,285,591,227,640,271,374,360,267,373,581,256,163,237];
