nbJobs =10;
nbStages =5;
nbMach =[0,3,2,3,2,3];
nbWork =[0,2,2,2,2,2];
B=10000;
OpDurations = [
[74,76,85,55,63,42,52,77,24,25,30,32,35],
[10,13,16,68,90,48,56,59,37,53,93,96,101],
[48,63,67,87,104,77,83,87,9,10,12,13,14],
[69,81,83,77,107,9,10,13,9,10,19,25,25],
[13,15,16,58,73,58,64,82,29,36,71,88,89],
[62,63,86,33,38,19,21,22,53,57,39,48,62],
[69,72,89,2,2,65,83,88,76,85,8,10,13],
[4,4,5,70,73,98,105,108,60,69,6,8,8],
[55,60,81,43,49,15,22,24,23,30,12,14,16],
[71,74,100,68,81,64,79,81,3,5,82,89,94]
];
OpDue = [502,576,519,426,527,462,496,503,344,646];
