nbJobs =100;
nbStages =2;
nbMach =[0,2,3];
nbWork =[0,2,2];
B=10000;
OpDurations = [
[7,8,71,98,109],
[3,3,56,79,87],
[30,57,17,17,18],
[47,62,69,74,107],
[47,51,72,77,83],
[31,43,73,90,98],
[63,90,26,29,32],
[43,50,55,68,72],
[8,9,57,60,62],
[53,57,11,16,18],
[29,44,27,32,35],
[35,41,21,22,22],
[85,107,33,50,54],
[32,38,66,76,88],
[79,83,33,33,38],
[50,71,2,2,2],
[89,99,41,49,49],
[29,32,49,55,56],
[50,52,49,58,61],
[78,106,46,47,50],
[14,17,101,110,119],
[71,94,20,26,26],
[70,77,40,58,62],
[10,11,90,94,117],
[48,49,39,40,40],
[8,11,23,30,32],
[53,59,64,96,97],
[40,41,35,36,37],
[42,62,40,50,52],
[84,93,55,56,58],
[18,23,14,18,21],
[12,16,55,71,73],
[18,24,68,70,85],
[76,93,73,103,111],
[68,70,52,65,79],
[64,65,43,51,54],
[2,5,78,78,107],
[35,35,58,73,76],
[16,21,51,51,59],
[95,102,12,17,20],
[64,95,82,93,99],
[43,52,9,11,11],
[2,2,46,46,59],
[66,72,74,99,104],
[77,98,40,58,79],
[15,15,3,3,3],
[26,28,48,50,53],
[76,104,80,85,92],
[4,5,88,93,104],
[50,62,14,15,21],
[64,89,11,13,19],
[22,29,76,80,110],
[46,46,38,43,45],
[45,54,80,82,102],
[15,20,16,20,24],
[96,96,79,95,104],
[52,66,45,61,62],
[45,55,46,47,57],
[70,91,77,98,109],
[3,4,29,34,36],
[50,51,30,35,40],
[86,96,52,53,57],
[94,105,87,94,106],
[54,76,26,35,42],
[57,63,3,3,3],
[114,119,13,17,19],
[28,41,63,68,85],
[88,93,12,13,14],
[43,59,23,25,26],
[44,50,69,79,99],
[57,83,50,59,60],
[93,102,66,75,82],
[64,64,56,61,64],
[27,28,3,4,5],
[10,11,24,30,30],
[48,56,21,22,23],
[20,34,22,22,26],
[15,18,83,102,107],
[59,76,20,21,21],
[81,92,73,75,101],
[45,47,43,51,56],
[72,81,3,3,3],
[41,43,1,1,1],
[86,89,68,82,92],
[5,6,72,77,85],
[46,55,17,20,24],
[18,20,22,28,31],
[50,52,45,60,62],
[51,57,24,32,36],
[16,21,44,46,47],
[69,70,33,52,52],
[54,56,51,57,57],
[31,36,14,18,21],
[16,21,17,22,24],
[73,99,60,62,64],
[27,42,1,1,1],
[75,78,16,18,19],
[29,30,52,57,68],
[81,87,89,97,99],
[38,57,74,81,87]
];
OpDue = [902,693,548,1240,1137,1116,950,1004,613,630,611,537,1275,1005,1041,563,1263,755,963,1257,1130,959,1142,998,793,340,1275,689,894,1304,344,723,858,1622,1209,1025,821,936,649,1034,1537,521,471,1452,1319,162,696,1581,896,654,818,1028,792,1238,338,1698,1035,900,1577,329,770,1305,1757,894,567,1196,959,932,681,1164,1137,1546,1119,284,347,666,453,1025,794,1526,864,716,387,1514,752,638,414,960,762,577,1037,990,461,356,1332,320,848,797,1611,1154];
