nbJobs =50;
nbStages =2;
nbMach =[0,3,3];
nbWork =[0,2,2];
B=10000;
OpDurations = [
[4,7,7,56,65,66],
[35,40,43,60,79,81],
[6,7,7,26,34,37],
[13,14,15,4,5,6],
[50,56,56,22,24,29],
[1,1,1,46,56,58],
[33,39,48,24,28,32],
[15,16,18,4,4,5],
[82,84,89,42,44,45],
[84,87,92,65,79,90],
[70,72,73,38,49,54],
[57,70,72,85,88,107],
[60,66,87,49,54,58],
[42,44,48,19,20,24],
[57,64,74,42,53,60],
[67,74,76,59,59,63],
[4,5,5,78,79,85],
[37,44,50,66,86,93],
[16,24,30,33,37,39],
[55,61,61,16,16,17],
[36,40,56,13,13,15],
[49,58,59,24,25,27],
[65,74,86,37,46,46],
[1,1,1,36,42,57],
[54,68,69,80,83,97],
[93,102,122,33,36,44],
[34,40,41,58,64,66],
[16,18,24,62,73,82],
[17,17,18,30,37,44],
[39,41,49,50,71,82],
[5,5,6,37,41,55],
[75,80,90,17,18,19],
[47,55,58,42,52,59],
[10,10,14,74,91,100],
[48,52,66,64,71,76],
[68,76,77,64,72,81],
[17,18,22,73,83,102],
[76,80,86,76,78,81],
[17,18,23,65,70,71],
[67,76,94,11,12,17],
[73,86,106,58,66,89],
[41,43,48,52,64,64],
[59,76,80,42,49,51],
[80,90,104,67,70,70],
[55,68,74,76,92,97],
[80,82,90,93,96,97],
[10,10,12,24,25,27],
[62,86,88,39,48,50],
[27,28,35,7,9,11],
[16,17,20,47,56,68]
];
OpDue = [410,676,234,114,474,326,408,124,772,994,712,958,748,394,700,796,512,752,358,452,346,484,708,276,902,860,606,550,326,664,298,598,626,598,754,876,630,954,528,554,956,624,714,962,924,1076,216,746,234,448];
