nbJobs =10;
nbStages =5;
nbMach =[0,3,3,3,3,2];
nbWork =[0,2,2,2,2,2];
B=10000;
OpDurations = [
[3,3,3,7,8,8,2,2,2,5,5,7,3,3],
[89,96,96,23,30,31,3,4,4,50,72,74,43,54],
[37,41,44,57,63,73,61,63,70,8,8,10,27,41],
[8,8,12,32,34,38,37,38,39,33,36,39,95,115],
[2,2,2,59,68,70,9,10,10,63,68,72,71,79],
[58,61,96,82,104,118,12,13,13,3,3,3,31,36],
[24,25,27,42,47,47,18,19,21,71,80,93,96,99],
[5,6,7,10,17,21,77,83,114,85,87,97,40,51],
[73,76,82,22,26,28,77,82,98,61,81,85,28,28],
[11,14,14,22,24,28,93,100,110,64,67,92,50,62]
];
OpDue = [85,957,849,892,880,889,1075,994,1167,1076];
