nbJobs =10;
nbStages =5;
nbMach =[0,3,3,3,3,2];
nbWork =[0,2,2,2,2,2];
B=10000;
OpDurations = [
[24,29,30,83,93,100,24,29,33,85,115,132,15,16],
[29,37,41,15,19,21,85,86,112,46,47,55,59,75],
[83,90,107,68,72,102,94,97,105,8,8,13,20,21],
[2,2,2,25,30,31,17,23,30,41,45,50,22,27],
[87,107,134,83,99,119,65,66,72,32,38,46,59,71],
[75,89,106,44,67,68,29,33,34,1,1,1,81,107],
[77,82,87,85,93,94,24,32,44,33,35,35,58,68],
[9,9,10,9,11,13,7,7,8,25,26,32,19,22],
[44,44,53,44,50,65,42,47,53,63,76,77,23,27],
[11,12,16,58,58,61,66,76,79,50,62,63,18,18]
];
OpDue = [1098,1059,1211,495,1524,1107,1213,303,977,888];
