nbJobs =10;
nbStages =5;
nbMach =[0,3,3,3,2,2];
nbWork =[0,2,2,2,2,2];
B=10000;
OpDurations = [
[12,12,15,26,28,32,2,2,2,54,73,89,100],
[49,55,65,6,9,9,54,69,76,34,58,21,25],
[9,12,13,45,79,81,30,32,34,27,32,76,80],
[70,85,88,56,64,68,2,2,2,1,1,24,24],
[28,33,34,30,35,38,41,50,55,6,8,47,51],
[71,104,113,92,93,101,59,84,86,23,24,1,1],
[53,66,67,19,23,25,25,28,29,75,89,34,35],
[12,15,18,51,52,55,31,34,45,37,44,66,87],
[24,30,33,72,99,118,80,85,89,29,32,99,99],
[71,85,93,32,32,32,43,56,61,25,30,80,95]
];
OpDue = [807,799,877,683,683,1169,913,885,1358,1133];
