nbJobs =10;
nbStages =5;
nbMach =[0,3,3,2,3,2];
nbWork =[0,2,2,2,2,2];
B=10000;
OpDurations = [
[32,40,44,3,4,4,29,29,62,71,74,59,72],
[17,21,25,16,17,18,7,7,65,76,77,13,13],
[76,83,133,8,8,10,76,86,87,103,103,44,47],
[15,18,21,30,31,32,73,106,42,56,60,21,25],
[32,34,37,47,61,72,21,30,45,56,60,23,33],
[68,71,73,87,87,87,51,57,17,21,31,51,60],
[20,20,30,19,19,21,59,66,15,16,16,81,92],
[19,31,33,73,83,93,32,36,36,42,44,66,68],
[36,44,46,48,63,73,65,68,41,50,57,1,1],
[52,60,64,29,31,35,8,11,22,30,32,17,19]
];
OpDue = [823,523,1321,857,806,1161,831,1009,881,583];
