nbJobs =10;
nbStages =5;
nbMach =[0,2,2,2,3,3];
nbWork =[0,2,2,2,2,2];
B=10000;
OpDurations = [
[25,30,31,40,83,103,84,97,98,44,51,58],
[1,1,6,6,58,63,47,59,67,91,94,105],
[28,39,40,40,22,25,38,41,46,35,38,40],
[60,65,5,9,75,85,40,43,49,65,71,81],
[13,18,22,31,51,51,34,38,46,77,79,80],
[71,94,45,46,19,29,72,81,87,62,75,82],
[62,64,7,9,93,99,86,99,108,90,92,95],
[6,8,50,61,49,74,16,19,23,23,25,26],
[21,23,79,80,39,53,1,1,1,66,70,70],
[9,10,66,74,3,3,24,26,28,14,14,15]
];
OpDue = [1200,887,705,1063,844,1220,1428,672,869,491];
